Cooling curve data [Tmp degrees celcius, time seconds] over 1000 steps. Supply: voltage 2.9V, Current 1.43A.

[21.562000, 0.925318] 
[21.562000, 1.805330] 
[21.625000, 2.685328] 
[21.562000, 3.565279] 
[21.562000, 4.445341] 
[21.562000, 5.325686] 
[21.625000, 6.205308] 
[21.562000, 7.085260] 
[21.562000, 7.965323] 
[21.625000, 8.845353] 
[21.562000, 9.725738] 
[21.625000, 10.605277] 
[21.562000, 11.485322] 
[21.562000, 12.365324] 
[21.625000, 13.245285] 
[21.562000, 14.125269] 
[21.625000, 15.005334] 
[21.625000, 15.885339] 
[21.625000, 16.765261] 
[21.625000, 17.645403] 
[21.562000, 18.525314] 
[21.562000, 19.405333] 
[21.562000, 20.285299] 
[21.625000, 21.165245] 
[21.562000, 22.045302] 
[21.562000, 22.925311] 
[21.562000, 23.805255] 
[21.562000, 24.685251] 
[21.562000, 25.565308] 
[21.625000, 26.445314] 
[21.562000, 27.325251] 
[21.562000, 28.205290] 
[21.562000, 29.085303] 
[21.562000, 29.965276] 
[21.625000, 30.845255] 
[21.562000, 31.725249] 
[21.562000, 32.605337] 
[21.562000, 33.486075] 
[21.562000, 34.365264] 
[21.562000, 35.245316] 
[21.562000, 36.125318] 
[21.562000, 37.005260] 
[21.562000, 37.885303] 
[21.625000, 38.765314] 
[21.562000, 39.725271] 
[21.562000, 40.605272] 
[21.562000, 41.485260] 
[21.562000, 42.365357] 
[21.562000, 43.245274] 
[21.562000, 44.125269] 
[21.625000, 45.005305] 
[21.562000, 45.885332] 
[21.562000, 46.765268] 
[21.562000, 47.645256] 
[21.562000, 48.525297] 
[21.562000, 49.405323] 
[21.562000, 50.285262] 
[21.562000, 51.165259] 
[21.562000, 52.045301] 
[21.562000, 52.925309] 
[21.562000, 53.805249] 
[21.562000, 54.685265] 
[21.562000, 55.565303] 
[21.562000, 56.445264] 
[21.562000, 57.325326] 
[21.562000, 58.205312] 
[21.562000, 59.085314] 
[21.562000, 59.965250] 
[21.562000, 60.845257] 
[21.562000, 61.725293] 
[21.562000, 62.605397] 
[21.562000, 63.485263] 
[21.562000, 64.365286] 
[21.562000, 65.244835] 
[21.562000, 66.125471] 
[21.562000, 67.005265] 
[21.562000, 67.885397] 
[21.562000, 68.765335] 
[21.562000, 69.685398] 
[21.562000, 70.684805] 
[21.562000, 71.565260] 
[21.562000, 72.445282] 
[21.562000, 73.325324] 
[21.562000, 74.205267] 
[21.562000, 75.085255] 
[21.562000, 75.965253] 
[21.562000, 76.845330] 
[21.562000, 77.725325] 
[21.562000, 78.605261] 
[21.562000, 79.485258] 
[21.562000, 80.445338] 
[21.562000, 81.405250] 
[21.562000, 82.285300] 
[21.562000, 83.165318] 
[21.562000, 84.045419] 
[21.562000, 84.924776] 
[21.562000, 85.805341] 
[21.562000, 86.685428] 
[21.562000, 87.565275] 
[21.562000, 88.445250] 
[21.562000, 89.325339] 
[21.562000, 90.205323] 
[21.562000, 91.085274] 
[21.562000, 91.965303] 
[21.562000, 92.845368] 
[21.562000, 93.725303] 
[21.562000, 94.605349] 
[21.562000, 95.485329] 
[21.562000, 96.365389] 
[21.562000, 97.245349] 
[21.562000, 98.125297] 
[21.562000, 99.005403] 
[21.562000, 99.885328] 
[21.562000, 100.765303] 
[21.562000, 101.645314] 
[21.562000, 102.525288] 
[21.562000, 103.405255] 
[21.562000, 104.285265] 
[21.500000, 105.165291] 
[21.562000, 106.045344] 
[21.562000, 106.925471] 
[21.500000, 107.805393] 
[21.562000, 108.686344] 
[21.500000, 109.564806] 
[21.500000, 110.445276] 
[21.500000, 111.325369] 
[21.500000, 112.205981] 
[21.500000, 113.085278] 
[21.500000, 113.965271] 
[21.500000, 114.845356] 
[21.500000, 115.725332] 
[21.500000, 116.605830] 
[21.500000, 117.485330] 
[21.500000, 118.367034] 
[21.500000, 119.245306] 
[21.500000, 120.125452] 
[21.500000, 121.005319] 
[21.500000, 121.885271] 
[21.500000, 122.765289] 
[21.500000, 123.645270] 
[21.437000, 124.525333] 
[21.500000, 125.405270] 
[21.500000, 126.285308] 
[21.500000, 127.165267] 
[21.500000, 128.045336] 
[21.500000, 128.925253] 
[21.500000, 129.805277] 
[21.500000, 130.685323] 
[21.437000, 131.645337] 
[21.500000, 132.605272] 
[21.437000, 133.485320] 
[21.437000, 134.365273] 
[21.437000, 135.245332] 
[21.437000, 136.125329] 
[21.437000, 137.005346] 
[21.437000, 137.885309] 
[21.437000, 138.765270] 
[21.437000, 139.645326] 
[21.437000, 140.524985] 
[21.437000, 141.404774] 
[21.437000, 142.285494] 
[21.437000, 143.165350] 
[21.437000, 144.045261] 
[21.437000, 144.925234] 
[21.437000, 145.805261] 
[21.437000, 146.685313] 
[21.437000, 147.565260] 
[21.437000, 148.445294] 
[21.437000, 149.325254] 
[21.437000, 150.205306] 
[21.437000, 151.085253] 
[21.437000, 151.965260] 
[21.437000, 152.845294] 
[21.437000, 153.725308] 
[21.437000, 154.605261] 
[21.375000, 155.485263] 
[21.437000, 156.365305] 
[21.375000, 157.245354] 
[21.437000, 158.125251] 
[21.437000, 159.005263] 
[21.437000, 159.885320] 
[21.375000, 160.765262] 
[21.375000, 161.645260] 
[21.375000, 162.525250] 
[21.437000, 163.405297] 
[21.375000, 164.285253] 
[21.375000, 165.165249] 
[21.375000, 166.045249] 
[21.375000, 166.925321] 
[21.375000, 167.805266] 
[21.375000, 168.685273] 
[21.375000, 169.565336] 
[21.375000, 170.445403] 
[21.375000, 171.325396] 
[21.375000, 172.205262] 
[21.375000, 173.085335] 
[21.375000, 173.965322] 
[21.375000, 174.845262] 
[21.375000, 175.725255] 
[21.375000, 176.605308] 
[21.375000, 177.485316] 
[21.375000, 178.365258] 
[21.375000, 179.245284] 
[21.375000, 180.125313] 
[21.375000, 181.005271] 
[21.375000, 181.885250] 
[21.375000, 182.765329] 
[21.375000, 183.725274] 
[21.375000, 184.605256] 
[21.312000, 185.485261] 
[21.375000, 186.365324] 
[21.312000, 187.245442] 
[21.375000, 188.125245] 
[21.375000, 189.005246] 
[21.312000, 189.885329] 
[21.312000, 190.765257] 
[21.312000, 191.645258] 
[21.312000, 192.525254] 
[21.312000, 193.405496] 
[21.312000, 194.285297] 
[21.312000, 195.165384] 
[21.312000, 196.045311] 
[21.312000, 196.925463] 
[21.312000, 197.805294] 
[21.312000, 198.685389] 
[21.312000, 199.565317] 
[21.312000, 200.445504] 
[21.312000, 201.325298] 
[21.312000, 202.205263] 
[21.312000, 203.085323] 
[21.312000, 203.965326] 
[21.312000, 204.845263] 
[21.312000, 205.725262] 
[21.312000, 206.605329] 
[21.312000, 207.485342] 
[21.312000, 208.365324] 
[21.250000, 209.245551] 
[21.250000, 210.125320] 
[21.250000, 211.005295] 
[21.312000, 211.885262] 
[21.250000, 212.765407] 
[21.250000, 213.645489] 
[21.250000, 214.525263] 
[21.250000, 215.405396] 
[21.250000, 216.285304] 
[21.250000, 218.045269] 
[21.250000, 218.925443] 
[21.250000, 219.805319] 
[21.250000, 220.685323] 
[21.250000, 221.565293] 
[21.250000, 222.445257] 
[21.250000, 223.325326] 
[21.250000, 224.205320] 
[21.250000, 225.085260] 
[21.250000, 225.965295] 
[21.250000, 226.845324] 
[21.250000, 227.725240] 
[21.250000, 228.605263] 
[21.250000, 229.485333] 
[21.250000, 230.365314] 
[21.250000, 231.245746] 
[21.250000, 232.125531] 
[21.250000, 233.005262] 
[21.250000, 233.885456] 
[21.250000, 234.765268] 
[21.250000, 235.645468] 
[21.250000, 236.525317] 
[21.250000, 237.405430] 
[21.250000, 238.285399] 
[21.250000, 239.165444] 
[21.250000, 240.045309] 
[21.250000, 240.925410] 
[21.250000, 241.805300] 
[21.250000, 242.685264] 
[21.187000, 243.565327] 
[21.250000, 244.445271] 
[21.187000, 245.325291] 
[21.250000, 246.205262] 
[21.250000, 247.085310] 
[21.250000, 247.965287] 
[21.187000, 248.845270] 
[21.187000, 249.725258] 
[21.187000, 250.605325] 
[21.187000, 251.485264] 
[21.187000, 252.365389] 
[21.187000, 253.245294] 
[21.187000, 254.125462] 
[21.187000, 255.005291] 
[21.187000, 255.885387] 
[21.187000, 256.765295] 
[21.187000, 257.645462] 
[21.187000, 258.525299] 
[21.187000, 259.405260] 
[21.187000, 260.285320] 
[21.187000, 261.165319] 
[21.187000, 262.045259] 
[21.187000, 262.925267] 
[21.187000, 263.805329] 
[21.187000, 264.765334] 
[21.187000, 265.725477] 
[21.187000, 266.605306] 
[21.187000, 267.485390] 
[21.187000, 268.365299] 
[21.187000, 270.125318] 
[21.187000, 271.005402] 
[21.187000, 271.885265] 
[21.187000, 272.765316] 
[21.187000, 273.645335] 
[21.187000, 274.525262] 
[21.125000, 275.405276] 
[21.125000, 276.285303] 
[21.187000, 277.165254] 
[21.125000, 278.045263] 
[21.125000, 278.925257] 
[21.187000, 279.805323] 
[21.125000, 280.685263] 
[21.125000, 281.565321] 
[21.125000, 282.445274] 
[21.125000, 283.325355] 
[21.125000, 284.205384] 
[21.125000, 285.085298] 
[21.125000, 285.965462] 
[21.125000, 286.845322] 
[21.125000, 287.725566] 
[21.125000, 288.605385] 
[21.125000, 290.365265] 
[21.125000, 292.125290] 
[21.125000, 293.885270] 
[21.125000, 294.765266] 
[21.125000, 295.645346] 
[21.125000, 296.525339] 
[21.062000, 297.405256] 
[21.062000, 298.285239] 
[21.062000, 299.165329] 
[21.062000, 300.045328] 
[21.062000, 300.925260] 
[21.062000, 301.805267] 
[21.062000, 302.685313] 
[21.062000, 303.565321] 
[21.062000, 304.445418] 
[21.062000, 305.325265] 
[21.062000, 306.205474] 
[21.062000, 307.085312] 
[21.062000, 307.965439] 
[21.062000, 308.845303] 
[21.062000, 309.725455] 
[21.062000, 310.605265] 
[21.062000, 311.485442] 
[21.062000, 312.365259] 
[21.000000, 314.125268] 
[21.000000, 315.005270] 
[21.000000, 315.965311] 
[21.000000, 316.925262] 
[21.000000, 317.805817] 
[21.000000, 318.685323] 
[21.000000, 319.565390] 
[21.000000, 320.445302] 
[21.000000, 321.325538] 
[21.000000, 322.205339] 
[21.000000, 323.085405] 
[21.000000, 323.965302] 
[21.000000, 325.725315] 
[21.000000, 326.605469] 
[21.000000, 327.485299] 
[21.000000, 328.365318] 
[20.937000, 329.245344] 
[20.937000, 330.125269] 
[20.937000, 331.005273] 
[20.937000, 331.885303] 
[20.937000, 332.765356] 
[20.937000, 333.645261] 
[20.937000, 334.525261] 
[20.937000, 335.405316] 
[20.937000, 336.285431] 
[20.937000, 337.165308] 
[20.937000, 338.045259] 
[20.937000, 338.925314] 
[20.937000, 339.805449] 
[20.937000, 340.685297] 
[20.937000, 341.565454] 
[20.875000, 342.445332] 
[20.875000, 343.325815] 
[20.875000, 344.205290] 
[20.875000, 345.965329] 
[20.875000, 346.845467] 
[20.875000, 347.725293] 
[20.875000, 348.605458] 
[20.875000, 349.485376] 
[20.875000, 350.365260] 
[20.875000, 351.245697] 
[20.875000, 352.125318] 
[20.875000, 353.005348] 
[20.875000, 353.885271] 
[20.875000, 354.765263] 
[20.875000, 355.645333] 
[20.812000, 356.525276] 
[20.875000, 357.405263] 
[20.812000, 358.285255] 
[20.812000, 359.165301] 
[20.812000, 360.045274] 
[20.875000, 360.925298] 
[20.812000, 361.805568] 
[20.812000, 362.685332] 
[20.812000, 363.565392] 
[20.812000, 364.445304] 
[20.812000, 365.325465] 
[20.812000, 366.205323] 
[20.812000, 367.085394] 
[20.812000, 368.045272] 
[20.812000, 368.925322] 
[20.812000, 369.805300] 
[20.812000, 370.685307] 
[20.812000, 371.565303] 
[20.812000, 372.445323] 
[20.812000, 373.325262] 
[20.812000, 374.205262] 
[20.812000, 375.085302] 
[20.812000, 375.965276] 
[20.750000, 376.845291] 
[20.812000, 377.725233] 
[20.750000, 378.605308] 
[20.750000, 379.485286] 
[20.750000, 380.365264] 
[20.750000, 381.245505] 
[20.750000, 382.125325] 
[20.750000, 383.005466] 
[20.750000, 383.885303] 
[20.750000, 384.765471] 
[20.750000, 385.645341] 
[20.750000, 386.525439] 
[20.750000, 387.405270] 
[20.750000, 388.285465] 
[20.750000, 389.165327] 
[20.750000, 390.045265] 
[20.750000, 390.925291] 
[20.750000, 391.805305] 
[20.687000, 392.685333] 
[20.687000, 393.565268] 
[20.687000, 394.445273] 
[20.687000, 395.325303] 
[20.687000, 396.205342] 
[20.687000, 397.085242] 
[20.687000, 397.965257] 
[20.687000, 398.845307] 
[20.687000, 399.725324] 
[20.687000, 400.605263] 
[20.687000, 401.485255] 
[20.687000, 402.365325] 
[20.687000, 403.245620] 
[20.687000, 404.125301] 
[20.687000, 405.005502] 
[20.687000, 405.885327] 
[20.687000, 406.765370] 
[20.687000, 407.645300] 
[20.687000, 408.525465] 
[20.687000, 409.405354] 
[20.687000, 410.285310] 
[20.625000, 411.165331] 
[20.625000, 412.045333] 
[20.625000, 412.927963] 
[20.625000, 413.805316] 
[20.625000, 414.685323] 
[20.625000, 415.565334] 
[20.625000, 416.445304] 
[20.625000, 417.325315] 
[20.625000, 418.205316] 
[20.625000, 419.085325] 
[20.625000, 419.965301] 
[20.625000, 420.845319] 
[20.625000, 421.725338] 
[20.625000, 422.605345] 
[20.625000, 423.485317] 
[20.625000, 424.365396] 
[20.625000, 425.245363] 
[20.625000, 426.127350] 
[20.625000, 427.005338] 
[20.625000, 427.885309] 
[20.562000, 428.765330] 
[20.562000, 429.645309] 
[20.625000, 430.525322] 
[20.562000, 431.405310] 
[20.625000, 432.285331] 
[20.625000, 433.165322] 
[20.625000, 434.045316] 
[20.562000, 434.925335] 
[20.562000, 435.805316] 
[20.562000, 436.685320] 
[20.562000, 437.565324] 
[20.562000, 438.445338] 
[20.562000, 439.326984] 
[20.562000, 440.205318] 
[20.562000, 441.085310] 
[20.562000, 441.965343] 
[20.562000, 442.845327] 
[20.562000, 443.725327] 
[20.562000, 444.605313] 
[20.562000, 445.485349] 
[20.562000, 446.365314] 
[20.562000, 447.245448] 
[20.562000, 448.125328] 
[20.562000, 449.005331] 
[20.562000, 449.965323] 
[20.562000, 450.845319] 
[20.500000, 451.725326] 
[20.500000, 452.605317] 
[20.500000, 453.485309] 
[20.500000, 454.365346] 
[20.500000, 455.247452] 
[20.500000, 456.125415] 
[20.500000, 457.005846] 
[20.500000, 457.885413] 
[20.500000, 458.765328] 
[20.500000, 459.645250] 
[20.500000, 460.525368] 
[20.500000, 461.405378] 
[20.500000, 462.285285] 
[20.500000, 463.165348] 
[20.500000, 464.045346] 
[20.500000, 464.925352] 
[20.500000, 465.805279] 
[20.500000, 466.685404] 
[20.500000, 467.565490] 
[20.437000, 468.444770] 
[20.500000, 469.334830] 
[20.500000, 470.285504] 
[20.437000, 471.164789] 
[20.437000, 472.045297] 
[20.500000, 472.925325] 
[20.500000, 473.805279] 
[20.500000, 474.685277] 
[20.500000, 475.565287] 
[20.500000, 476.445330] 
[20.437000, 477.325255] 
[20.437000, 478.205286] 
[20.437000, 479.085283] 
[20.437000, 479.965302] 
[20.437000, 480.845282] 
[20.437000, 481.725281] 
[20.437000, 482.605313] 
[20.437000, 483.485337] 
[20.437000, 484.365291] 
[20.437000, 485.245286] 
[20.437000, 486.125314] 
[20.437000, 487.005271] 
[20.437000, 487.885312] 
[20.437000, 488.765375] 
[20.437000, 489.645349] 
[20.437000, 490.525305] 
[20.437000, 491.405299] 
[20.437000, 492.285307] 
[20.437000, 493.165309] 
[20.437000, 494.045280] 
[20.437000, 494.925340] 
[20.437000, 495.805300] 
[20.437000, 496.685304] 
[20.437000, 497.565290] 
[20.437000, 498.444776] 
[20.437000, 499.325292] 
[20.375000, 500.285289] 
[20.437000, 501.245295] 
[20.437000, 502.125304] 
[20.375000, 503.005281] 
[20.437000, 503.885294] 
[20.437000, 504.765312] 
[20.375000, 505.645330] 
[20.437000, 506.525290] 
[20.375000, 507.405289] 
[20.375000, 508.285318] 
[20.375000, 509.165293] 
[20.375000, 510.045289] 
[20.375000, 510.925286] 
[20.375000, 511.805319] 
[20.375000, 512.685283] 
[20.375000, 513.565282] 
[20.375000, 514.445310] 
[20.375000, 515.325316] 
[20.375000, 516.205291] 
[20.375000, 517.085286] 
[20.375000, 517.965289] 
[20.375000, 518.845314] 
[20.375000, 519.725287] 
[20.375000, 520.605284] 
[20.375000, 521.485304] 
[20.375000, 522.365309] 
[20.375000, 523.245280] 
[20.312000, 524.125256] 
[20.375000, 525.005302] 
[20.375000, 525.885291] 
[20.375000, 526.765286] 
[20.312000, 527.645299] 
[20.312000, 528.525311] 
[20.312000, 529.405292] 
[20.312000, 530.285308] 
[20.312000, 531.165248] 
[20.312000, 532.045335] 
[20.312000, 532.925293] 
[20.312000, 533.805288] 
[20.312000, 534.685297] 
[20.312000, 535.565310] 
[20.312000, 536.445299] 
[20.312000, 537.325283] 
[20.312000, 538.205276] 
[20.312000, 539.085317] 
[20.312000, 539.965318] 
[20.312000, 540.845287] 
[20.312000, 541.725298] 
[20.312000, 542.605325] 
[20.312000, 543.485298] 
[20.312000, 544.365294] 
[20.312000, 545.245300] 
[20.312000, 546.125275] 
[20.312000, 547.005299] 
[20.312000, 547.885253] 
[20.312000, 548.765306] 
[20.312000, 549.645276] 
[20.312000, 550.525291] 
[20.312000, 551.405328] 
[20.250000, 552.365265] 
[20.312000, 553.245291] 
[20.312000, 554.125356] 
[20.312000, 555.005320] 
[20.250000, 555.885290] 
[20.250000, 556.765272] 
[20.250000, 557.645309] 
[20.250000, 558.525318] 
[20.250000, 559.405286] 
[20.250000, 560.285302] 
[20.250000, 561.165295] 
[20.250000, 562.045327] 
[20.250000, 562.925281] 
[20.250000, 563.805290] 
[20.250000, 564.685292] 
[20.250000, 565.565281] 
[20.250000, 566.445268] 
[20.250000, 567.325290] 
[20.250000, 568.205309] 
[20.250000, 569.085280] 
[20.250000, 569.965394] 
[20.250000, 570.845297] 
[20.187000, 571.725320] 
[20.250000, 572.605294] 
[20.250000, 573.485289] 
[20.187000, 574.365315] 
[20.250000, 575.245325] 
[20.250000, 576.125274] 
[20.250000, 577.005287] 
[20.250000, 577.885312] 
[20.250000, 578.765319] 
[20.250000, 579.645278] 
[20.250000, 580.525297] 
[20.187000, 581.405310] 
[20.250000, 582.285301] 
[20.187000, 583.165284] 
[20.250000, 584.045285] 
[20.250000, 584.925316] 
[20.187000, 585.805288] 
[20.187000, 586.685275] 
[20.250000, 587.565305] 
[20.187000, 588.445326] 
[20.187000, 590.205305] 
[20.187000, 591.085281] 
[20.187000, 591.965321] 
[20.187000, 592.845274] 
[20.187000, 593.725283] 
[20.187000, 594.605310] 
[20.187000, 595.485411] 
[20.187000, 596.365297] 
[20.187000, 597.245324] 
[20.187000, 598.125315] 
[20.187000, 599.005280] 
[20.187000, 599.885295] 
[20.187000, 600.765319] 
[20.187000, 601.645319] 
[20.187000, 602.525289] 
[20.187000, 603.405290] 
[20.187000, 604.285323] 
[20.187000, 605.165258] 
[20.187000, 606.045306] 
[20.187000, 606.925283] 
[20.187000, 607.805320] 
[20.187000, 608.685278] 
[20.187000, 609.565287] 
[20.187000, 610.445298] 
[20.187000, 611.325321] 
[20.187000, 612.205281] 
[20.187000, 613.085287] 
[20.125000, 613.965287] 
[20.187000, 614.845327] 
[20.125000, 615.725293] 
[20.125000, 616.605281] 
[20.125000, 617.485305] 
[20.125000, 618.365323] 
[20.125000, 619.245287] 
[20.125000, 620.125299] 
[20.125000, 621.005393] 
[20.125000, 621.885282] 
[20.125000, 622.765291] 
[20.125000, 623.645295] 
[20.125000, 624.525337] 
[20.125000, 625.405247] 
[20.125000, 626.285290] 
[20.125000, 627.165310] 
[20.125000, 628.045326] 
[20.125000, 628.925285] 
[20.125000, 629.805282] 
[20.125000, 630.685316] 
[20.125000, 631.565348] 
[20.125000, 632.445344] 
[20.125000, 633.325288] 
[20.125000, 634.285319] 
[20.125000, 635.165280] 
[20.125000, 636.045334] 
[20.125000, 636.925298] 
[20.125000, 637.805290] 
[20.125000, 638.685282] 
[20.125000, 639.565298] 
[20.125000, 640.445297] 
[20.125000, 641.325275] 
[20.125000, 642.205276] 
[20.125000, 643.085281] 
[20.062000, 643.965323] 
[20.125000, 644.845270] 
[20.125000, 645.725295] 
[20.125000, 646.605286] 
[20.125000, 647.485290] 
[20.125000, 648.365287] 
[20.125000, 649.245310] 
[20.125000, 650.125311] 
[20.125000, 651.005327] 
[20.125000, 651.885294] 
[20.125000, 652.765279] 
[20.062000, 653.645295] 
[20.062000, 654.525305] 
[20.125000, 655.405284] 
[20.062000, 656.285461] 
[20.062000, 657.165282] 
[20.062000, 658.045276] 
[20.062000, 658.925287] 
[20.062000, 659.805282] 
[20.062000, 660.685316] 
[20.062000, 661.565295] 
[20.062000, 662.445287] 
[20.062000, 663.325285] 
[20.062000, 664.205337] 
[20.062000, 665.085275] 
[20.062000, 665.965287] 
[20.062000, 666.845267] 
[20.062000, 667.725340] 
[20.062000, 668.605280] 
[20.062000, 669.485276] 
[20.062000, 670.365291] 
[20.062000, 671.245310] 
[20.062000, 672.125288] 
[20.062000, 673.005282] 
[20.062000, 673.885296] 
[20.062000, 674.765291] 
[20.062000, 675.645287] 
[20.062000, 676.525264] 
[20.062000, 677.405319] 
[20.062000, 678.285288] 
[20.062000, 679.165281] 
[20.062000, 680.045299] 
[20.062000, 680.925363] 
[20.062000, 681.805280] 
[20.062000, 682.685276] 
[20.062000, 683.565293] 
[20.062000, 684.445308] 
[20.062000, 685.325278] 
[20.062000, 686.205270] 
[20.062000, 687.085320] 
[20.062000, 687.965281] 
[20.000000, 688.845282] 
[20.062000, 689.725285] 
[20.062000, 690.605313] 
[20.062000, 691.485284] 
[20.062000, 692.365299] 
[20.062000, 693.245287] 
[20.062000, 694.125311] 
[20.062000, 695.005279] 
[20.000000, 695.885291] 
[20.062000, 696.765283] 
[20.062000, 697.645319] 
[20.000000, 698.525278] 
[20.000000, 699.405278] 
[20.062000, 700.285300] 
[20.062000, 701.165309] 
[20.062000, 702.045405] 
[20.000000, 702.925272] 
[20.000000, 703.805294] 
[20.000000, 704.685283] 
[20.062000, 705.565283] 
[20.000000, 706.445284] 
[20.000000, 707.325298] 
[20.062000, 708.205291] 
[20.062000, 709.085295] 
[20.000000, 709.965312] 
[20.000000, 710.845295] 
[20.062000, 711.725293] 
[20.000000, 712.605295] 
[20.000000, 713.485289] 
[20.000000, 714.365320] 
[20.000000, 715.245300] 
[20.000000, 716.205337] 
[20.000000, 717.085343] 
[20.000000, 717.965281] 
[20.000000, 718.845278] 
[20.000000, 719.725324] 
[20.000000, 720.605328] 
[20.000000, 721.485285] 
[20.000000, 722.365290] 
[20.000000, 723.245324] 
[20.000000, 724.125287] 
[20.000000, 725.005279] 
[20.000000, 725.885281] 
[20.000000, 726.765317] 
[20.000000, 727.645302] 
[20.000000, 728.525292] 
[20.000000, 729.405291] 
[20.000000, 730.285321] 
[20.000000, 731.165283] 
[20.000000, 732.045286] 
[20.000000, 732.925296] 
[20.000000, 733.805315] 
[20.000000, 734.685288] 
[20.000000, 735.565289] 
[20.000000, 736.445303] 
[20.000000, 737.325336] 
[19.937000, 738.205273] 
[20.000000, 739.085280] 
[19.937000, 739.965303] 
[19.937000, 740.845309] 
[19.937000, 741.725279] 
[20.000000, 742.605376] 
[19.937000, 743.485339] 
[19.937000, 744.365291] 
[20.000000, 745.245293] 
[19.937000, 746.125307] 
[19.937000, 747.005319] 
[19.937000, 747.885274] 
[19.937000, 748.765255] 
[19.937000, 749.645310] 
[19.937000, 750.525321] 
[19.937000, 751.405284] 
[19.937000, 752.285296] 
[19.937000, 753.165324] 
[19.937000, 754.045294] 
[19.937000, 754.925463] 
[19.937000, 755.805288] 
[19.937000, 756.685280] 
[19.937000, 757.565230] 
[19.937000, 758.445284] 
[19.937000, 759.325283] 
[19.937000, 760.205299] 
[19.937000, 761.085282] 
[19.937000, 761.965284] 
[19.937000, 762.845294] 
[19.937000, 763.725305] 
[19.937000, 764.605292] 
[19.937000, 765.485284] 
[19.937000, 766.365290] 
[19.937000, 767.245296] 
[19.937000, 768.125328] 
[19.937000, 769.005287] 
[19.937000, 769.885337] 
[19.937000, 770.765280] 
[19.937000, 771.645327] 
[19.937000, 772.525292] 
[19.937000, 773.405321] 
[19.937000, 774.285285] 
[19.937000, 775.165285] 
[19.937000, 776.045293] 
[19.937000, 776.925283] 
[19.937000, 777.805247] 
[19.937000, 778.685290] 
[19.937000, 779.565295] 
[19.937000, 780.445325] 
[19.937000, 781.325287] 
[19.937000, 782.205283] 
[19.937000, 783.085295] 
[19.937000, 783.965333] 
[19.937000, 784.845279] 
[19.937000, 785.725295] 
[19.937000, 786.605262] 
[19.937000, 787.485282] 
[19.937000, 788.365293] 
[19.937000, 789.245274] 
[19.937000, 790.125301] 
[19.937000, 791.005285] 
[19.937000, 791.885287] 
[19.937000, 792.765318] 
[19.937000, 793.645312] 
[19.937000, 794.525290] 
[19.937000, 795.405284] 
[19.937000, 796.285307] 
[19.875000, 797.165325] 
[19.937000, 798.125325] 
[19.937000, 799.005316] 
[19.937000, 799.885330] 
[19.937000, 800.765253] 
[19.937000, 801.645279] 
[19.937000, 802.525317] 
[19.937000, 803.405294] 
[19.937000, 804.285290] 
[19.937000, 805.165267] 
[19.875000, 806.045306] 
[19.875000, 806.925283] 
[19.937000, 807.805303] 
[19.875000, 808.685301] 
[19.875000, 809.566997] 
[19.875000, 810.445292] 
[19.937000, 811.325274] 
[19.875000, 812.205337] 
[19.875000, 813.085264] 
[19.937000, 813.965316] 
[19.875000, 814.845285] 
[19.875000, 815.725339] 
[19.875000, 816.605298] 
[19.875000, 817.485306] 
[19.875000, 818.366124] 
[19.875000, 819.325464] 
[19.875000, 820.205583] 
[19.875000, 821.085525] 
[19.875000, 821.965254] 
[19.875000, 823.725256] 
[19.875000, 824.605535] 
[19.875000, 825.485260] 
[19.875000, 826.365463] 
[19.875000, 827.245311] 
[19.875000, 828.129815] 
[19.875000, 829.005292] 
[19.875000, 829.885467] 
[19.875000, 830.765312] 
[19.875000, 831.645390] 
[19.875000, 832.525301] 
[19.875000, 833.405530] 
[19.875000, 834.285348] 
[19.875000, 835.165410] 
[19.875000, 836.045306] 
[19.875000, 837.805325] 
[19.875000, 838.685555] 
[19.875000, 839.565269] 
[19.875000, 840.445532] 
[19.875000, 841.326291] 
[19.875000, 842.205442] 
[19.875000, 843.085625] 
[19.875000, 843.965555] 
[19.875000, 844.845260] 
[19.875000, 845.725449] 
[19.875000, 846.605404] 
[19.812000, 847.485518] 
[19.875000, 848.365263] 
[19.875000, 849.245476] 
[19.875000, 850.125311] 
[19.875000, 851.885266] 
[19.875000, 852.765252] 
[19.875000, 853.645441] 
[19.875000, 854.525321] 
[19.875000, 855.405295] 
[19.875000, 856.285294] 
[19.875000, 857.165371] 
[19.875000, 858.045326] 
[19.875000, 858.925263] 
[19.875000, 859.805264] 
[19.875000, 860.685331] 
[19.875000, 861.565277] 
[19.875000, 862.445305] 
[19.875000, 863.325309] 
[19.875000, 864.205499] 
[19.875000, 865.085259] 
[19.812000, 865.965455] 
[19.875000, 866.845231] 
[19.875000, 867.725464] 
[19.875000, 868.605259] 
[19.875000, 869.525925] 
[19.875000, 870.445458] 
[19.875000, 871.325262] 
[19.812000, 872.205455] 
[19.812000, 873.085257] 
[19.875000, 873.965458] 
[19.875000, 874.845257] 
[19.812000, 875.725443] 
[19.812000, 876.605315] 
[19.812000, 878.365263] 
[19.812000, 879.245312] 
[19.812000, 880.125314] 
[19.812000, 881.005283] 
[19.812000, 881.885296] 
[19.812000, 882.765263] 
[19.812000, 883.645321] 
[19.812000, 884.525320] 
[19.812000, 885.405259] 
[19.812000, 886.285264] 
[19.812000, 887.165311] 
[19.812000, 888.045282] 
[19.812000, 888.925291] 
[19.812000, 889.805263] 
[19.812000, 890.685503] 
[19.812000, 891.565265] 
[19.812000, 892.445382] 
[19.812000, 893.325264] 
