Cooling data over 2000 data points. Supply voltage, 2.9V. Supply current 1.43A. [tmp degrees celius, time seconds]

21.812000 0.925483 
21.812000 1.805495 
21.812000 2.685487 
21.875000 3.565474 
21.875000 4.445491 
21.812000 5.325490 
21.812000 6.205514 
21.812000 7.085471 
21.875000 7.965492 
21.875000 8.845474 
21.812000 9.725469 
21.875000 10.605474 
21.812000 11.485507 
21.875000 12.365477 
21.812000 13.245466 
21.875000 14.125486 
21.875000 15.005490 
21.875000 15.885595 
21.875000 16.765508 
21.875000 17.645526 
21.875000 18.525489 
21.875000 19.405499 
21.875000 20.285479 
21.875000 21.165542 
21.875000 22.047451 
21.875000 22.925590 
21.875000 23.805511 
21.875000 24.685494 
21.875000 25.565491 
21.875000 26.445483 
21.875000 27.325521 
21.875000 28.205493 
21.875000 29.085506 
21.875000 29.965506 
21.875000 30.846110 
21.875000 31.805479 
21.875000 32.685472 
21.875000 33.565517 
21.875000 34.445459 
21.875000 35.325489 
21.875000 36.205480 
21.875000 37.085567 
21.937000 37.965477 
21.875000 38.845470 
21.875000 39.725489 
21.875000 40.605477 
21.875000 41.485484 
21.875000 42.365475 
21.937000 43.245513 
21.875000 44.125480 
21.875000 45.005460 
21.875000 45.885494 
21.875000 46.765436 
21.937000 47.645500 
21.875000 48.525473 
21.937000 49.405524 
21.875000 50.285475 
21.875000 51.165458 
21.875000 52.045522 
21.875000 52.925503 
21.937000 53.805519 
21.875000 54.685499 
21.937000 55.567482 
21.937000 56.445460 
21.937000 57.325449 
21.937000 58.205498 
21.875000 59.085503 
21.875000 59.965478 
21.937000 60.845497 
21.937000 61.725491 
21.937000 62.605601 
21.937000 63.485486 
21.937000 64.365502 
21.937000 65.245524 
21.875000 66.125436 
21.875000 67.005492 
21.875000 67.885523 
21.937000 68.765539 
21.937000 69.645493 
21.937000 70.525441 
21.937000 71.405506 
21.937000 72.285474 
21.937000 73.165479 
21.937000 74.045491 
21.937000 74.925508 
21.937000 75.805465 
21.937000 76.685481 
21.937000 77.565527 
21.937000 78.445465 
21.937000 79.325483 
21.937000 80.205480 
21.937000 81.085494 
21.937000 82.045490 
21.937000 83.005530 
21.937000 83.885475 
21.937000 84.765496 
21.937000 85.645498 
21.937000 86.525526 
21.937000 87.405482 
21.937000 88.285475 
21.937000 89.165506 
21.937000 90.125490 
21.937000 91.005511 
21.937000 91.885527 
21.937000 92.765469 
21.937000 93.645540 
21.875000 94.525498 
21.875000 95.405478 
21.937000 96.285480 
21.937000 97.165481 
21.875000 98.045516 
21.937000 98.925452 
21.875000 99.805492 
21.875000 100.685486 
21.937000 101.565593 
21.875000 102.445444 
21.875000 103.405480 
21.875000 104.285534 
21.875000 105.165478 
21.875000 106.045398 
21.875000 106.925484 
21.875000 107.805490 
21.875000 108.685492 
21.875000 109.565500 
21.875000 110.445501 
21.875000 111.325492 
21.875000 112.205468 
21.875000 113.085531 
21.875000 113.965477 
21.875000 114.845509 
21.875000 115.725448 
21.875000 116.605502 
21.875000 117.485484 
21.812000 118.365516 
21.812000 119.245508 
21.812000 120.125515 
21.812000 121.005479 
21.812000 121.885493 
21.812000 122.765521 
21.812000 123.645481 
21.812000 124.605494 
21.812000 125.485529 
21.812000 126.365602 
21.812000 127.245470 
21.812000 128.125481 
21.812000 129.005533 
21.750000 129.885484 
21.812000 130.765486 
21.812000 131.645498 
21.750000 132.525461 
21.750000 133.405474 
21.750000 134.285496 
21.812000 135.165480 
21.812000 136.045476 
21.750000 136.925468 
21.750000 137.805511 
21.750000 138.685627 
21.750000 139.565476 
21.750000 140.445470 
21.750000 141.325525 
21.750000 142.205490 
21.750000 143.085482 
21.750000 143.965467 
21.750000 144.845445 
21.750000 145.725492 
21.750000 146.605486 
21.750000 147.485516 
21.687000 148.365481 
21.687000 149.245450 
21.687000 150.125512 
21.687000 151.005465 
21.687000 151.885489 
21.687000 152.765469 
21.687000 153.645546 
21.687000 154.525469 
21.687000 155.405478 
21.687000 156.285498 
21.687000 157.165610 
21.687000 158.045490 
21.687000 158.925456 
21.687000 159.805723 
21.687000 160.685459 
21.687000 161.565467 
21.625000 162.445473 
21.687000 163.325555 
21.687000 164.205475 
21.625000 165.085441 
21.687000 165.965501 
21.625000 166.845466 
21.625000 167.725514 
21.625000 168.605478 
21.625000 169.485498 
21.625000 170.365472 
21.625000 171.245525 
21.625000 172.125499 
21.625000 173.005519 
21.625000 173.885475 
21.625000 174.765493 
21.625000 175.645509 
21.625000 176.525427 
21.625000 177.405483 
21.562000 178.285515 
21.562000 179.165494 
21.562000 180.045475 
21.562000 180.925508 
21.562000 181.805467 
21.562000 182.685567 
21.562000 183.565462 
21.562000 184.445500 
21.562000 185.325489 
21.562000 186.205480 
21.562000 187.085499 
21.562000 187.965533 
21.562000 188.845504 
21.562000 189.725490 
21.562000 190.605499 
21.562000 191.485480 
21.562000 192.365491 
21.562000 193.245481 
21.562000 194.125482 
21.562000 195.005512 
21.500000 195.965479 
21.562000 196.925524 
21.562000 197.805448 
21.500000 198.685681 
21.500000 199.565487 
21.500000 200.445510 
21.500000 201.325476 
21.500000 202.205540 
21.500000 203.085482 
21.500000 203.965455 
21.500000 204.845497 
21.500000 205.725430 
21.500000 206.605490 
21.500000 207.485472 
21.500000 208.365505 
21.500000 209.245508 
21.500000 210.125507 
21.500000 211.005501 
21.437000 211.885504 
21.437000 212.765486 
21.437000 213.645510 
21.437000 214.525470 
21.437000 215.405486 
21.437000 216.285502 
21.437000 217.165480 
21.437000 218.045512 
21.437000 218.925479 
21.437000 219.805505 
21.437000 220.685452 
21.437000 221.565477 
21.437000 222.445474 
21.437000 223.325503 
21.437000 224.205505 
21.437000 225.085494 
21.437000 225.965499 
21.437000 226.845529 
21.437000 227.725512 
21.437000 228.605498 
21.375000 229.485472 
21.437000 230.365503 
21.375000 231.245467 
21.437000 232.125483 
21.375000 233.005477 
21.375000 233.885524 
21.437000 234.765473 
21.375000 235.645493 
21.375000 236.525484 
21.375000 237.405499 
21.375000 238.285482 
21.375000 239.165483 
21.375000 240.045509 
21.375000 240.925483 
21.375000 241.805505 
21.375000 242.685473 
21.375000 243.565504 
21.375000 244.445479 
21.375000 245.325485 
21.375000 246.205511 
21.375000 247.165476 
21.375000 248.125483 
21.312000 249.005492 
21.312000 249.885499 
21.312000 250.765442 
21.312000 251.645496 
21.312000 252.525439 
21.312000 253.405485 
21.312000 254.285498 
21.312000 255.165487 
21.312000 256.045462 
21.312000 256.925497 
21.312000 257.805500 
21.312000 258.688351 
21.312000 259.565529 
21.312000 260.445502 
21.312000 261.325530 
21.312000 262.205497 
21.312000 263.085526 
21.312000 263.965507 
21.312000 264.845613 
21.312000 265.725482 
21.250000 266.605555 
21.250000 267.485519 
21.312000 268.365541 
21.250000 269.246301 
21.250000 270.125510 
21.250000 271.005533 
21.250000 271.885525 
21.250000 272.765627 
21.250000 273.645513 
21.250000 274.525524 
21.250000 275.405468 
21.250000 276.285545 
21.250000 277.165510 
21.250000 278.045516 
21.250000 278.925708 
21.250000 279.805525 
21.187000 280.685519 
21.187000 281.565545 
21.187000 282.445559 
21.187000 283.325529 
21.250000 284.205503 
21.187000 285.085528 
21.187000 285.965504 
21.250000 286.845575 
21.187000 287.725513 
21.187000 288.605501 
21.187000 289.485508 
21.187000 290.365522 
21.187000 291.245615 
21.187000 292.125520 
21.187000 293.005519 
21.187000 293.885544 
21.187000 294.765502 
21.187000 295.645527 
21.187000 296.525520 
21.187000 297.406327 
21.187000 298.365537 
21.187000 299.325514 
21.125000 300.205545 
21.125000 301.085506 
21.187000 301.965630 
21.125000 302.845504 
21.125000 303.725516 
21.187000 304.605504 
21.187000 305.485540 
21.187000 306.365506 
21.125000 307.245502 
21.125000 308.125509 
21.125000 309.005498 
21.125000 309.885581 
21.125000 310.765697 
21.125000 311.645507 
21.125000 312.525512 
21.125000 313.405504 
21.125000 314.285525 
21.125000 315.165504 
21.125000 316.045519 
21.125000 316.935703 
21.125000 317.805558 
21.125000 318.687433 
21.125000 319.565532 
21.125000 320.445512 
21.125000 321.325525 
21.125000 322.205508 
21.125000 323.085549 
21.125000 323.965485 
21.125000 324.845533 
21.125000 325.725498 
21.125000 326.605486 
21.125000 327.485507 
21.125000 328.365501 
21.125000 329.245605 
21.062000 330.125517 
21.125000 331.005724 
21.062000 331.885505 
21.125000 332.765913 
21.062000 333.645594 
21.062000 334.525523 
21.062000 335.405538 
21.062000 336.285587 
21.062000 337.165523 
21.062000 338.045518 
21.062000 338.925552 
21.062000 339.805617 
21.062000 340.685516 
21.062000 341.565661 
21.062000 342.445539 
21.062000 343.325822 
21.062000 344.205522 
21.062000 345.085986 
21.062000 345.965584 
21.062000 346.845737 
21.062000 347.725536 
21.062000 348.605871 
21.000000 350.445548 
21.062000 352.205510 
21.062000 353.965556 
21.000000 354.845828 
21.000000 355.725530 
21.000000 356.605787 
21.000000 357.565560 
21.000000 358.445515 
21.062000 359.325542 
21.000000 360.205533 
21.000000 361.085696 
21.062000 361.965530 
21.000000 362.845654 
21.000000 363.725493 
21.000000 364.605547 
21.000000 365.485524 
21.000000 366.365516 
21.000000 367.245533 
21.000000 368.125509 
21.000000 369.005562 
21.000000 369.885555 
21.000000 370.765581 
21.000000 371.645574 
21.000000 372.525578 
21.000000 373.405555 
21.000000 374.285541 
21.000000 375.165589 
21.000000 376.045533 
21.000000 376.925619 
21.000000 377.805624 
21.000000 378.685702 
21.000000 379.565559 
21.000000 380.445767 
21.000000 381.325549 
21.000000 382.205660 
20.937000 383.085567 
21.000000 383.965530 
20.937000 384.845526 
20.937000 385.725475 
20.937000 386.605492 
20.937000 387.485482 
20.937000 388.365563 
20.937000 389.245502 
20.937000 390.125599 
20.937000 391.005014 
20.937000 391.885503 
20.937000 392.765516 
20.937000 393.644978 
20.937000 394.525526 
20.937000 395.405510 
20.937000 396.285505 
20.937000 397.165670 
20.937000 398.045492 
20.937000 398.925639 
20.937000 399.805512 
20.937000 400.685011 
20.937000 401.645493 
20.937000 402.525048 
20.937000 403.405514 
20.937000 404.285566 
20.937000 406.045525 
20.937000 406.925544 
20.937000 407.807432 
20.937000 408.685601 
20.875000 409.565011 
20.875000 410.447593 
20.875000 411.326084 
20.875000 412.204989 
20.875000 413.087636 
20.937000 413.965572 
20.937000 414.845581 
20.875000 415.725581 
20.875000 416.608206 
20.875000 417.485503 
20.875000 418.365457 
20.937000 419.245531 
20.875000 420.125511 
20.937000 421.005519 
20.875000 421.885508 
20.875000 422.845489 
20.875000 423.725506 
20.875000 424.605477 
20.875000 425.485512 
20.875000 426.365494 
20.875000 427.245481 
20.875000 428.125504 
20.875000 429.005476 
20.875000 429.885499 
20.875000 430.765523 
20.875000 431.645540 
20.875000 432.525504 
20.875000 433.405507 
20.875000 434.285496 
20.875000 435.165527 
20.875000 436.045502 
20.875000 436.925501 
20.875000 437.805521 
20.875000 438.685600 
20.875000 439.565510 
20.875000 440.445480 
20.875000 441.325547 
20.875000 442.205495 
20.875000 443.085437 
20.875000 443.965457 
20.875000 444.845473 
20.875000 445.725483 
20.875000 446.685514 
20.875000 447.565842 
20.875000 448.445509 
20.812000 449.325497 
20.875000 450.205521 
20.875000 451.085493 
20.812000 451.965521 
20.812000 452.845531 
20.812000 453.725516 
20.812000 454.605503 
20.812000 455.486844 
20.812000 456.365505 
20.812000 457.245496 
20.812000 458.125492 
20.812000 459.005495 
20.812000 459.885518 
20.812000 460.765504 
20.812000 461.645512 
20.812000 462.525508 
20.812000 463.405451 
20.812000 464.285511 
20.812000 465.165437 
20.812000 466.045505 
20.812000 466.925472 
20.812000 467.805512 
20.812000 468.685444 
20.812000 469.565517 
20.812000 470.445492 
20.812000 471.325502 
20.812000 472.205499 
20.812000 473.085599 
20.812000 474.045480 
20.812000 474.925502 
20.812000 475.805497 
20.812000 476.685498 
20.812000 477.565467 
20.750000 478.445511 
20.812000 479.325478 
20.812000 480.205521 
20.812000 481.085495 
20.750000 481.965512 
20.812000 482.845487 
20.812000 483.725444 
20.750000 484.605497 
20.812000 485.485584 
20.750000 486.365522 
20.750000 487.245489 
20.812000 488.125490 
20.750000 489.005689 
20.750000 489.885499 
20.750000 490.765474 
20.750000 491.645489 
20.750000 492.525483 
20.750000 493.405488 
20.750000 494.285498 
20.750000 495.165486 
20.750000 496.045511 
20.750000 496.935485 
20.750000 497.805642 
20.750000 498.685591 
20.750000 499.565575 
20.750000 500.445486 
20.750000 501.325466 
20.750000 502.205520 
20.750000 503.085486 
20.750000 503.965487 
20.750000 504.845471 
20.750000 505.725510 
20.750000 506.605476 
20.750000 507.485484 
20.750000 508.365511 
20.750000 509.245465 
20.750000 510.125623 
20.750000 511.005505 
20.750000 511.885552 
20.750000 512.765462 
20.750000 513.645521 
20.750000 514.525506 
20.750000 516.285508 
20.687000 517.165483 
20.687000 518.045673 
20.750000 518.925487 
20.687000 520.685484 
20.687000 521.566186 
20.687000 522.445482 
20.687000 523.325654 
20.750000 524.205479 
20.687000 525.165493 
20.687000 526.045661 
20.687000 527.805540 
20.750000 528.685683 
20.687000 529.565467 
20.750000 530.445530 
20.750000 531.325928 
20.687000 532.205515 
20.687000 533.085924 
20.687000 533.965542 
20.687000 534.845488 
20.687000 535.725508 
20.687000 536.605482 
20.687000 537.565502 
20.687000 538.445976 
20.687000 539.325530 
20.687000 540.205990 
20.687000 541.085503 
20.687000 541.965498 
20.687000 542.845530 
20.687000 543.725496 
20.687000 544.605942 
20.687000 545.485510 
20.687000 546.365918 
20.687000 547.245509 
20.687000 548.125499 
20.687000 549.005563 
20.687000 549.885513 
20.687000 551.645518 
20.687000 552.525990 
20.687000 553.405611 
20.687000 554.285502 
20.687000 555.165507 
20.687000 556.045491 
20.687000 556.926066 
20.625000 557.805502 
20.625000 558.686397 
20.625000 559.565531 
20.687000 560.445491 
20.625000 561.325509 
20.687000 562.205501 
20.687000 563.965516 
20.625000 564.846208 
20.687000 565.725534 
20.625000 566.605661 
20.625000 567.485509 
20.687000 569.245945 
20.625000 570.125669 
20.625000 571.005507 
20.625000 572.765497 
20.625000 573.646238 
20.625000 574.525523 
20.625000 575.405733 
20.625000 576.365526 
20.625000 577.245625 
20.625000 578.125557 
20.625000 579.005990 
20.625000 579.885551 
20.625000 580.765536 
20.625000 581.645526 
20.625000 582.525506 
20.625000 583.405515 
20.625000 584.285494 
20.625000 586.045579 
20.625000 586.925594 
20.625000 587.805527 
20.625000 588.685482 
20.625000 589.566115 
20.625000 590.445069 
20.562000 591.325246 
20.625000 592.205571 
20.562000 593.085618 
20.562000 593.965665 
20.625000 594.845565 
20.625000 595.725408 
20.562000 596.605512 
20.562000 597.485596 
20.562000 598.365072 
20.562000 599.245099 
20.562000 600.126070 
20.562000 601.005486 
20.562000 601.885557 
20.625000 602.765784 
20.562000 603.645486 
20.562000 604.526023 
20.562000 605.405019 
20.562000 606.285521 
20.562000 607.165550 
20.562000 608.045506 
20.562000 608.926117 
20.562000 609.805496 
20.562000 610.695856 
20.562000 611.565539 
20.562000 612.445519 
20.562000 613.325456 
20.562000 614.205520 
20.562000 615.085938 
20.562000 615.965691 
20.562000 616.847232 
20.562000 617.725536 
20.562000 618.605944 
20.500000 619.486036 
20.562000 620.365491 
20.500000 621.245433 
20.562000 622.125492 
20.562000 623.005458 
20.562000 624.765580 
20.562000 625.645528 
20.500000 626.525556 
20.500000 627.405535 
20.500000 628.286182 
20.500000 629.165475 
20.500000 630.046173 
20.562000 631.006010 
20.562000 631.885497 
20.562000 632.765478 
20.562000 633.645494 
20.562000 634.525500 
20.562000 635.406035 
20.562000 636.285665 
20.562000 637.165932 
20.500000 638.045488 
20.562000 638.925493 
20.500000 639.805495 
20.500000 640.685510 
20.562000 641.565484 
20.562000 642.445488 
20.500000 643.325485 
20.562000 644.205524 
20.562000 645.085526 
20.562000 645.965848 
20.500000 646.845506 
20.562000 647.725497 
20.500000 648.605484 
20.500000 649.485565 
20.500000 650.365494 
20.500000 651.245527 
20.500000 652.125628 
20.500000 653.005779 
20.500000 653.887449 
20.500000 654.765523 
20.500000 655.645495 
20.500000 656.525506 
20.500000 657.405493 
20.500000 658.365478 
20.500000 659.245524 
20.500000 660.125493 
20.500000 661.005502 
20.500000 661.885507 
20.500000 662.765537 
20.500000 663.645522 
20.500000 664.525509 
20.500000 665.405463 
20.500000 666.285501 
20.500000 667.165473 
20.500000 668.045511 
20.500000 668.925502 
20.500000 669.805530 
20.500000 670.685478 
20.500000 671.565497 
20.500000 672.445597 
20.500000 673.325490 
20.562000 674.205470 
20.500000 675.085529 
20.500000 675.965510 
20.500000 677.725498 
20.500000 678.605844 
20.500000 679.486227 
20.500000 680.365577 
20.500000 681.247435 
20.500000 683.005346 
20.500000 683.886025 
20.500000 684.767250 
20.500000 686.525207 
20.500000 687.405931 
20.500000 688.285516 
20.500000 689.165184 
20.437000 690.045575 
20.500000 690.925579 
20.500000 691.805850 
20.500000 692.685496 
20.437000 693.565561 
20.437000 694.446087 
20.437000 695.325543 
20.437000 696.207299 
20.437000 697.086468 
20.437000 697.965550 
20.500000 698.845518 
20.437000 699.725605 
20.437000 700.605649 
20.437000 701.485539 
20.437000 702.365533 
20.437000 703.245617 
20.437000 704.125515 
20.437000 705.005418 
20.437000 705.885558 
20.437000 706.767287 
20.437000 707.645521 
20.437000 708.606168 
20.437000 709.565524 
20.437000 710.445947 
20.437000 711.325571 
20.437000 712.205516 
20.437000 713.085512 
20.437000 713.965574 
20.437000 714.845703 
20.437000 715.725018 
20.437000 716.605498 
20.437000 717.485795 
20.437000 718.365504 
20.437000 719.245697 
20.437000 720.125512 
20.437000 721.005493 
20.437000 721.965518 
20.437000 722.845500 
20.437000 723.725500 
20.437000 724.605500 
20.437000 725.484996 
20.437000 726.365576 
20.437000 727.245518 
20.437000 728.125513 
20.437000 729.005565 
20.437000 729.885602 
20.375000 730.766161 
20.375000 731.645726 
20.375000 732.525588 
20.437000 733.405492 
20.437000 734.285496 
20.437000 735.165485 
20.437000 736.045512 
20.437000 736.935512 
20.437000 737.805646 
20.375000 738.685523 
20.375000 739.565771 
20.375000 740.445567 
20.375000 741.326202 
20.437000 742.205505 
20.375000 743.085736 
20.437000 743.965491 
20.375000 744.845716 
20.375000 745.725485 
20.375000 746.605736 
20.437000 747.485491 
20.375000 748.365740 
20.375000 749.247491 
20.375000 750.125769 
20.375000 751.085821 
20.375000 751.967534 
20.375000 752.845650 
20.375000 753.725500 
20.375000 754.605805 
20.375000 755.485503 
20.437000 756.365660 
20.375000 757.245501 
20.375000 759.005531 
20.375000 759.885454 
20.375000 760.765486 
20.375000 761.645511 
20.375000 762.525452 
20.375000 763.405521 
20.375000 764.285509 
20.375000 765.165504 
20.375000 766.045464 
20.375000 766.925488 
20.375000 767.805506 
20.375000 768.685440 
20.375000 769.565497 
20.375000 770.445497 
20.375000 771.327056 
20.375000 772.285224 
20.375000 773.165642 
20.375000 774.045593 
20.375000 774.925464 
20.375000 775.805473 
20.375000 776.685474 
20.375000 777.565464 
20.375000 778.445485 
20.375000 779.325498 
20.375000 780.205491 
20.375000 781.085464 
20.375000 781.965494 
20.375000 782.845474 
20.375000 783.725474 
20.375000 784.605479 
20.375000 785.485495 
20.375000 786.365493 
20.375000 787.245493 
20.375000 788.125477 
20.375000 789.005505 
20.375000 789.885507 
20.375000 790.765482 
20.375000 791.645470 
20.375000 792.525496 
20.375000 793.405470 
20.375000 794.285470 
20.375000 795.165469 
20.375000 796.045435 
20.375000 796.925492 
20.375000 797.805508 
20.375000 798.685566 
20.312000 799.565543 
20.375000 800.445465 
20.375000 801.325485 
20.375000 802.204961 
20.375000 803.085481 
20.375000 803.965476 
20.375000 804.845426 
20.375000 805.725470 
20.375000 806.605491 
20.375000 807.485526 
20.375000 808.365474 
20.375000 809.245432 
20.375000 810.125477 
20.375000 811.085484 
20.375000 811.965506 
20.375000 812.845516 
20.375000 813.725486 
20.375000 814.605475 
20.375000 815.485560 
20.375000 816.365489 
20.375000 817.245476 
20.375000 818.125467 
20.375000 819.005569 
20.375000 819.885461 
20.375000 820.765484 
20.375000 821.645460 
20.312000 822.565482 
20.312000 823.485469 
20.375000 824.365462 
20.375000 825.245491 
20.312000 826.125458 
20.375000 827.005492 
20.375000 827.885486 
20.375000 828.765516 
20.312000 829.645464 
20.312000 830.525469 
20.375000 831.405499 
20.375000 832.285405 
20.375000 833.165474 
20.312000 834.045490 
20.312000 834.925447 
20.375000 835.805482 
20.375000 836.685433 
20.312000 837.565500 
20.312000 838.445421 
20.312000 839.325473 
20.312000 840.205464 
20.312000 841.085519 
20.312000 841.965433 
20.312000 842.845443 
20.312000 843.725508 
20.312000 844.605510 
20.312000 845.485433 
20.312000 846.365469 
20.312000 847.245513 
20.312000 848.125475 
20.312000 849.005475 
20.312000 849.885502 
20.312000 850.765456 
20.312000 851.645433 
20.312000 852.525459 
20.312000 853.405468 
20.312000 854.285460 
20.312000 855.165456 
20.312000 856.045459 
20.312000 856.925529 
20.312000 857.805479 
20.312000 858.685714 
20.312000 859.565530 
20.312000 860.445466 
20.312000 861.325484 
20.312000 862.205492 
20.312000 863.087554 
20.312000 863.965744 
20.312000 864.846052 
20.312000 865.725730 
20.312000 866.605976 
20.312000 867.485697 
20.312000 868.365725 
20.312000 869.245730 
20.312000 870.125738 
20.312000 871.005666 
20.312000 871.885707 
20.312000 872.766782 
20.312000 873.645741 
20.312000 874.605887 
20.312000 876.365728 
20.312000 877.245909 
20.312000 879.005482 
20.312000 879.885499 
20.312000 880.765485 
20.312000 881.645531 
20.312000 882.525573 
20.312000 883.405513 
20.250000 884.286012 
20.312000 885.165504 
20.312000 886.045481 
20.312000 886.925481 
20.312000 887.805491 
20.312000 888.685945 
20.312000 889.565495 
20.250000 890.446016 
20.250000 891.325549 
20.250000 892.205495 
20.250000 893.085484 
20.250000 893.965899 
20.250000 894.845497 
20.250000 895.725670 
20.312000 896.605511 
20.250000 897.485729 
20.250000 898.365490 
20.250000 899.245656 
20.312000 900.125527 
20.250000 901.965501 
20.250000 902.845725 
20.250000 903.725496 
20.250000 905.485528 
20.250000 906.365746 
20.250000 907.245509 
20.312000 908.125738 
20.250000 909.005543 
20.312000 909.885703 
20.250000 910.765516 
20.250000 911.645727 
20.250000 912.525551 
20.250000 914.285908 
20.250000 916.045505 
20.250000 917.805017 
20.250000 919.565511 
20.250000 920.446357 
20.250000 921.326030 
20.250000 923.085521 
20.312000 924.845541 
20.312000 925.805521 
20.250000 926.686010 
20.250000 927.565545 
20.250000 928.445455 
20.250000 929.325489 
20.312000 930.205453 
20.250000 931.085461 
20.250000 931.965479 
20.250000 932.845481 
20.250000 933.725504 
20.250000 934.605680 
20.250000 935.485454 
20.250000 936.365506 
20.250000 937.245527 
20.250000 938.125484 
20.250000 939.005572 
20.250000 939.885516 
20.250000 940.765624 
20.250000 941.645020 
20.250000 942.525527 
20.250000 943.405519 
20.250000 944.285481 
20.250000 945.165554 
20.250000 946.045515 
20.250000 946.925535 
20.250000 947.805463 
20.250000 948.685509 
20.250000 949.565477 
20.250000 950.445461 
20.250000 951.325491 
20.250000 952.205495 
20.250000 953.085495 
20.250000 953.965484 
20.250000 954.845490 
20.250000 955.725537 
20.250000 956.605506 
20.250000 957.485508 
20.250000 958.365494 
20.250000 959.245538 
20.250000 960.125461 
20.250000 961.005509 
20.250000 962.765503 
20.250000 964.525500 
20.250000 966.285533 
20.250000 968.045536 
20.250000 969.805529 
20.250000 970.686073 
20.250000 971.566058 
20.250000 972.446028 
20.250000 973.325490 
20.250000 974.205906 
20.250000 975.087665 
20.250000 975.966470 
20.250000 976.845911 
20.250000 977.725535 
20.250000 978.605912 
20.250000 979.485561 
20.250000 980.366015 
20.250000 981.246573 
20.250000 982.125510 
20.250000 983.005499 
20.250000 983.885507 
20.187000 985.647415 
20.250000 986.525521 
20.250000 987.405543 
20.250000 988.285529 
20.250000 989.165489 
20.250000 990.045960 
20.250000 990.925527 
20.250000 991.805496 
20.250000 992.685499 
20.250000 993.565520 
20.250000 994.445523 
20.250000 995.325511 
20.250000 996.205971 
20.250000 997.085540 
20.250000 997.965497 
20.250000 998.845527 
20.187000 999.725489 
20.250000 1000.605561 
20.250000 1001.565701 
20.250000 1002.445496 
20.250000 1003.326628 
20.250000 1004.205496 
20.250000 1005.086133 
20.250000 1005.965528 
20.250000 1006.845667 
20.187000 1008.685546 
20.250000 1010.445509 
20.250000 1012.205525 
20.250000 1013.965510 
20.250000 1015.725515 
20.187000 1017.485527 
20.250000 1019.245513 
20.250000 1021.005492 
20.187000 1021.885483 
20.187000 1022.765525 
20.250000 1023.645497 
20.187000 1024.525529 
20.187000 1025.405498 
20.187000 1026.285517 
20.187000 1027.165493 
20.250000 1028.045557 
20.187000 1028.925476 
20.187000 1029.805492 
20.187000 1030.685451 
20.187000 1031.565470 
20.187000 1032.445478 
20.187000 1033.325484 
20.187000 1034.205488 
20.187000 1035.085484 
20.187000 1035.965501 
20.187000 1036.845748 
20.187000 1037.725533 
20.187000 1038.605918 
20.187000 1039.485490 
20.187000 1040.365486 
20.187000 1041.245516 
20.187000 1042.125489 
20.187000 1043.005482 
20.187000 1043.885506 
20.187000 1044.765483 
20.187000 1045.645499 
20.187000 1046.525484 
20.187000 1047.405524 
20.250000 1048.285474 
20.187000 1049.165522 
20.187000 1050.045588 
20.187000 1050.925523 
20.187000 1051.805483 
20.187000 1052.685509 
20.187000 1053.565468 
20.187000 1054.445483 
20.187000 1055.325480 
20.187000 1056.205510 
20.187000 1057.085497 
20.187000 1057.965813 
20.187000 1058.927407 
20.187000 1059.805555 
20.187000 1060.685504 
20.187000 1061.565507 
20.187000 1062.445523 
20.187000 1063.325493 
20.187000 1064.205518 
20.187000 1065.085503 
20.187000 1065.965539 
20.187000 1066.845502 
20.187000 1067.725518 
20.187000 1068.605544 
20.187000 1069.485519 
20.187000 1070.365501 
20.187000 1071.245581 
20.187000 1072.125519 
20.187000 1073.005493 
20.187000 1073.885470 
20.187000 1074.765511 
20.187000 1075.645489 
20.187000 1076.525496 
20.187000 1077.405485 
20.187000 1078.285531 
20.187000 1079.165479 
20.187000 1080.045484 
20.187000 1080.925487 
20.187000 1081.805538 
20.187000 1082.685489 
20.187000 1083.565493 
20.187000 1084.445550 
20.187000 1085.325526 
20.187000 1086.205477 
20.187000 1087.085500 
20.187000 1087.965480 
20.187000 1088.845495 
20.187000 1089.725482 
20.187000 1090.605519 
20.187000 1091.485476 
20.187000 1092.365493 
20.187000 1093.245483 
20.125000 1094.125514 
20.187000 1095.005491 
20.187000 1095.885486 
20.187000 1097.725509 
20.187000 1098.605935 
20.187000 1099.485531 
20.187000 1100.365491 
20.187000 1101.245569 
20.187000 1102.125512 
20.187000 1103.005508 
20.187000 1103.885504 
20.187000 1104.765495 
20.187000 1105.645522 
20.187000 1106.525779 
20.187000 1107.405508 
20.125000 1108.285493 
20.187000 1109.165533 
20.187000 1110.125476 
20.125000 1111.005465 
20.187000 1111.885552 
20.187000 1112.765483 
20.187000 1113.645536 
20.187000 1114.525491 
20.187000 1115.405488 
20.187000 1116.285505 
20.187000 1117.165524 
20.125000 1118.045548 
20.187000 1118.925488 
20.125000 1119.805475 
20.187000 1120.685508 
20.187000 1121.565508 
20.187000 1122.445479 
20.187000 1123.325488 
20.187000 1124.205553 
20.187000 1125.085482 
20.187000 1125.965502 
20.187000 1126.845505 
20.187000 1127.725752 
20.187000 1128.605483 
20.187000 1129.485458 
20.187000 1130.365516 
20.187000 1131.245496 
20.187000 1132.125506 
20.187000 1133.005494 
20.187000 1133.885531 
20.187000 1134.765473 
20.125000 1135.645496 
20.187000 1136.525478 
20.187000 1137.405534 
20.187000 1138.285480 
20.125000 1139.165475 
20.125000 1140.045475 
20.187000 1140.925472 
20.187000 1141.815493 
20.125000 1142.685477 
20.187000 1143.565486 
20.187000 1144.445475 
20.187000 1145.325493 
20.187000 1146.205490 
20.187000 1147.085492 
20.187000 1147.965494 
20.187000 1148.845470 
20.187000 1149.725503 
20.187000 1150.605474 
20.187000 1151.485481 
20.125000 1152.365478 
20.187000 1153.245539 
20.125000 1154.125478 
20.187000 1155.005496 
20.187000 1155.885474 
20.187000 1156.765640 
20.187000 1157.645474 
20.125000 1158.525458 
20.187000 1159.405489 
20.125000 1160.285463 
20.187000 1161.165483 
20.125000 1162.045496 
20.187000 1162.925488 
20.187000 1163.805491 
20.125000 1164.685482 
20.187000 1165.565474 
20.187000 1166.445498 
20.187000 1167.325500 
20.125000 1168.205678 
20.187000 1169.085495 
20.187000 1169.965477 
20.187000 1170.845490 
20.187000 1171.725478 
20.187000 1172.605507 
20.187000 1173.485461 
20.125000 1174.365493 
20.187000 1175.245476 
20.125000 1176.125537 
20.187000 1177.005486 
20.187000 1177.885488 
20.187000 1178.765483 
20.187000 1179.645479 
20.125000 1180.525481 
20.187000 1181.405483 
20.125000 1182.285572 
20.125000 1183.165486 
20.187000 1184.045489 
20.125000 1184.925492 
20.125000 1185.885497 
20.187000 1186.765481 
20.187000 1187.645501 
20.187000 1188.525463 
20.125000 1189.405505 
20.187000 1190.285481 
20.125000 1191.165502 
20.125000 1192.125495 
20.187000 1193.005477 
20.125000 1193.885535 
20.125000 1194.765475 
20.125000 1195.645485 
20.187000 1196.525547 
20.125000 1197.405530 
20.125000 1198.285480 
20.187000 1199.165515 
20.187000 1200.045469 
20.125000 1200.925482 
20.125000 1201.805513 
20.125000 1202.685492 
20.187000 1203.565490 
20.125000 1204.445481 
20.187000 1205.325493 
20.125000 1206.205490 
20.125000 1207.085536 
20.125000 1207.965477 
20.187000 1208.845500 
20.187000 1209.725476 
20.187000 1210.605484 
20.187000 1211.485474 
20.187000 1212.365467 
20.125000 1213.245519 
20.125000 1214.125478 
20.187000 1215.005492 
20.187000 1215.885484 
20.187000 1216.765528 
20.187000 1217.645488 
20.125000 1218.525508 
20.125000 1219.405484 
20.125000 1220.285555 
20.125000 1221.165500 
20.125000 1222.045485 
20.125000 1222.925525 
20.125000 1223.805512 
20.187000 1224.685516 
20.125000 1225.565528 
20.187000 1226.445542 
20.187000 1227.325513 
20.125000 1228.205482 
20.187000 1229.085495 
20.125000 1229.965480 
20.125000 1230.845505 
20.125000 1231.725486 
20.187000 1232.605513 
20.125000 1233.485487 
20.187000 1234.365512 
20.187000 1235.245486 
20.125000 1236.125536 
20.125000 1237.005494 
20.125000 1237.885487 
20.187000 1238.765464 
20.125000 1239.645466 
20.125000 1240.525484 
20.125000 1241.405489 
20.187000 1242.285522 
20.187000 1243.245492 
20.125000 1244.125483 
20.125000 1245.005540 
20.125000 1245.885502 
20.125000 1246.765502 
20.125000 1247.645488 
20.125000 1248.525537 
20.125000 1249.405478 
20.187000 1250.285475 
20.125000 1251.165776 
20.125000 1252.045496 
20.125000 1252.925694 
20.125000 1253.805496 
20.125000 1254.685733 
20.187000 1255.565492 
20.187000 1256.445651 
20.125000 1257.325528 
20.125000 1258.205760 
20.187000 1259.085512 
20.125000 1259.965732 
20.125000 1260.845536 
20.187000 1261.725639 
20.187000 1262.605522 
20.125000 1264.365553 
20.125000 1265.245642 
20.187000 1266.125490 
20.125000 1267.885518 
20.125000 1269.645707 
20.125000 1270.525579 
20.125000 1271.405510 
20.187000 1272.285476 
20.125000 1273.165546 
20.125000 1274.045493 
20.125000 1274.925503 
20.125000 1275.805488 
20.125000 1276.765507 
20.125000 1277.645536 
20.125000 1278.527492 
20.125000 1279.405507 
20.125000 1280.285482 
20.125000 1281.165525 
20.125000 1282.045513 
20.125000 1282.925527 
20.125000 1283.805933 
20.125000 1284.685600 
20.125000 1285.565503 
20.187000 1286.445524 
20.125000 1287.325619 
20.125000 1288.205637 
20.125000 1289.085512 
20.125000 1289.965921 
20.125000 1290.845527 
20.125000 1291.725503 
20.125000 1292.605526 
20.125000 1293.565534 
20.125000 1294.525505 
20.125000 1295.405502 
20.125000 1296.285554 
20.125000 1297.165512 
20.125000 1298.045519 
20.125000 1298.925526 
20.125000 1299.805626 
20.125000 1300.685489 
20.125000 1301.565527 
20.125000 1302.445506 
20.125000 1303.325610 
20.125000 1304.205513 
20.125000 1305.085506 
20.125000 1305.965553 
20.125000 1306.845512 
20.125000 1307.725541 
20.125000 1308.605555 
20.125000 1309.485588 
20.125000 1310.365524 
20.125000 1311.245510 
20.125000 1312.125560 
20.125000 1313.005528 
20.125000 1313.885508 
20.187000 1314.765495 
20.125000 1315.645503 
20.125000 1316.525513 
20.125000 1317.405626 
20.125000 1318.285596 
20.125000 1319.165614 
20.125000 1320.045495 
20.125000 1320.925547 
20.125000 1321.805542 
20.125000 1322.685559 
20.125000 1323.565523 
20.187000 1324.445503 
20.125000 1325.325560 
20.125000 1326.205513 
20.125000 1327.085527 
20.125000 1327.965692 
20.187000 1328.845524 
20.125000 1329.725527 
20.125000 1330.605525 
20.125000 1331.485619 
20.125000 1332.365555 
20.125000 1333.245530 
20.125000 1334.125506 
20.125000 1335.005567 
20.187000 1335.885501 
20.125000 1336.765598 
20.125000 1337.645564 
20.125000 1338.525514 
20.125000 1339.405524 
20.125000 1340.285542 
20.125000 1341.165559 
20.125000 1342.045531 
20.125000 1342.925615 
20.125000 1343.805538 
20.125000 1344.685516 
20.125000 1345.645487 
20.125000 1346.525524 
20.125000 1347.405660 
20.125000 1348.285505 
20.125000 1349.165514 
20.125000 1350.045565 
20.125000 1350.925509 
20.125000 1351.805506 
20.125000 1352.685544 
20.125000 1353.565577 
20.125000 1354.445527 
20.125000 1355.325503 
20.125000 1356.205691 
20.125000 1357.085500 
20.187000 1357.965529 
20.125000 1358.845573 
20.125000 1359.725620 
20.125000 1360.605502 
20.187000 1361.485531 
20.187000 1362.365559 
20.125000 1363.245532 
20.125000 1364.125605 
20.125000 1365.085526 
20.125000 1365.965886 
20.125000 1366.845535 
20.125000 1367.725503 
20.125000 1368.605515 
20.125000 1369.485511 
20.125000 1370.365535 
20.125000 1371.245532 
20.125000 1372.125521 
20.125000 1373.005521 
20.125000 1373.887486 
20.125000 1374.765539 
20.125000 1375.645511 
20.125000 1376.525567 
20.125000 1377.405541 
20.125000 1378.285462 
20.125000 1379.165522 
20.125000 1380.047505 
20.125000 1380.925488 
20.125000 1381.805498 
20.125000 1382.685517 
20.125000 1383.565505 
20.125000 1384.445508 
20.125000 1385.325498 
20.125000 1386.205693 
20.125000 1387.085479 
20.125000 1387.965496 
20.125000 1388.845482 
20.125000 1389.725528 
20.125000 1390.605493 
20.125000 1391.485449 
20.125000 1392.365495 
20.125000 1393.245548 
20.125000 1394.125522 
20.125000 1395.005533 
20.125000 1395.926112 
20.125000 1396.845504 
20.125000 1397.725508 
20.125000 1399.485951 
20.125000 1400.365642 
20.125000 1401.246037 
20.125000 1402.125499 
20.125000 1403.005493 
20.125000 1403.885495 
20.125000 1404.765539 
20.125000 1405.645958 
20.125000 1406.525497 
20.125000 1407.405960 
20.125000 1408.285553 
20.125000 1409.165512 
20.125000 1410.045493 
20.125000 1410.925530 
20.125000 1412.685515 
20.062000 1413.565951 
20.125000 1414.445547 
20.125000 1415.325487 
20.125000 1416.205525 
20.125000 1417.085503 
20.125000 1418.845495 
20.125000 1419.725945 
20.125000 1420.605529 
20.125000 1421.485492 
20.125000 1422.365501 
20.125000 1423.245529 
20.125000 1424.125559 
20.125000 1425.005520 
20.125000 1425.885941 
20.125000 1426.765552 
20.062000 1427.645534 
20.125000 1428.525489 
20.125000 1429.405468 
20.125000 1430.285518 
20.125000 1431.165486 
20.125000 1432.045474 
20.125000 1432.925474 
20.125000 1433.805513 
20.125000 1434.685486 
20.125000 1435.565492 
20.125000 1436.445495 
20.125000 1437.325495 
20.125000 1438.205461 
20.125000 1439.085510 
20.125000 1439.965462 
20.125000 1440.845474 
20.125000 1441.725483 
20.125000 1442.605519 
20.125000 1443.485523 
20.125000 1444.365481 
20.125000 1445.245485 
20.125000 1446.125499 
20.125000 1447.005476 
20.125000 1447.885500 
20.125000 1448.765466 
20.125000 1449.645505 
20.125000 1450.525477 
20.125000 1451.405519 
20.125000 1452.285470 
20.125000 1454.045518 
20.125000 1454.933508 
20.125000 1456.685520 
20.125000 1457.645942 
20.125000 1459.405502 
20.062000 1461.165523 
20.125000 1462.925514 
20.125000 1464.685554 
20.125000 1465.565670 
20.125000 1466.445521 
20.125000 1468.205568 
20.125000 1469.965534 
20.125000 1471.725551 
20.125000 1472.605517 
20.125000 1474.366086 
20.125000 1476.125521 
20.125000 1477.005274 
20.125000 1477.886237 
20.125000 1481.485512 
20.125000 1482.365501 
20.125000 1483.245592 
20.125000 1484.125585 
20.125000 1485.005517 
20.125000 1485.885104 
20.125000 1486.765469 
20.125000 1487.645503 
20.125000 1488.525476 
20.125000 1489.405504 
20.125000 1490.285504 
20.125000 1491.165497 
20.125000 1492.045480 
20.125000 1492.925527 
20.125000 1493.805478 
20.125000 1494.685482 
20.125000 1495.565474 
20.125000 1496.445504 
20.125000 1497.325480 
20.125000 1498.205446 
20.125000 1499.085500 
20.125000 1499.965458 
20.125000 1500.845488 
20.125000 1501.725469 
20.125000 1502.605531 
20.125000 1503.485523 
20.125000 1504.365461 
20.125000 1505.245473 
20.125000 1506.125463 
20.125000 1507.005491 
20.125000 1507.885482 
20.125000 1508.765485 
20.125000 1509.645475 
20.125000 1510.524948 
20.125000 1511.405510 
20.125000 1512.285534 
20.125000 1513.165523 
20.125000 1514.045501 
20.125000 1514.925492 
20.125000 1515.805467 
20.125000 1516.685503 
20.125000 1517.565481 
20.125000 1518.445501 
20.125000 1519.325483 
20.125000 1520.205479 
20.125000 1521.085474 
20.125000 1521.965514 
20.125000 1522.845481 
20.125000 1523.725468 
20.125000 1524.605464 
20.125000 1525.485462 
20.125000 1526.365483 
20.125000 1527.245492 
20.125000 1528.125472 
20.125000 1529.005507 
20.125000 1529.885493 
20.125000 1530.765481 
20.125000 1531.645527 
20.125000 1532.525479 
20.125000 1533.405482 
20.125000 1534.285479 
20.125000 1535.165474 
20.125000 1536.045485 
20.125000 1536.925476 
20.125000 1537.805486 
20.125000 1538.685458 
20.125000 1539.565498 
20.125000 1540.445465 
20.125000 1541.325538 
20.125000 1542.205473 
20.125000 1543.085493 
20.125000 1543.965467 
20.125000 1544.845458 
20.125000 1545.725466 
20.187000 1546.605467 
20.125000 1547.485514 
20.125000 1548.365479 
20.125000 1549.245457 
20.125000 1550.125491 
20.125000 1551.085488 
20.125000 1551.965488 
20.125000 1552.845483 
20.125000 1553.725492 
20.125000 1554.605479 
20.125000 1555.485476 
20.125000 1556.445484 
20.125000 1557.325475 
20.125000 1558.205493 
20.125000 1559.085483 
20.125000 1559.965470 
20.125000 1560.845467 
20.125000 1561.725495 
20.125000 1562.605508 
20.125000 1563.485492 
20.125000 1564.365478 
20.125000 1565.245514 
20.125000 1566.125461 
20.125000 1567.005481 
20.125000 1567.885476 
20.125000 1568.765493 
20.125000 1569.645468 
20.125000 1570.525481 
20.125000 1571.405472 
20.125000 1572.285515 
20.125000 1573.165470 
20.125000 1574.045545 
20.125000 1574.925508 
20.125000 1575.805490 
20.125000 1576.685483 
20.125000 1577.565522 
20.125000 1578.445491 
20.125000 1579.325512 
20.125000 1580.205489 
20.125000 1581.085491 
20.125000 1581.965458 
20.125000 1582.845497 
20.125000 1583.725480 
20.125000 1584.605518 
20.125000 1585.485476 
20.125000 1586.365461 
20.125000 1587.245483 
20.125000 1588.125479 
20.125000 1589.005474 
20.125000 1589.885474 
20.125000 1590.765471 
20.125000 1591.645492 
20.125000 1592.525489 
20.125000 1593.405479 
20.125000 1594.285524 
20.125000 1595.165483 
20.125000 1596.045467 
20.125000 1596.925507 
20.125000 1597.805476 
20.062000 1598.685475 
20.125000 1599.565479 
20.125000 1600.445518 
20.125000 1601.325485 
20.125000 1602.285477 
20.062000 1603.165477 
20.125000 1604.045537 
20.125000 1604.925475 
20.125000 1605.805509 
20.125000 1606.685472 
20.125000 1607.565505 
20.125000 1608.445494 
20.125000 1609.325487 
20.125000 1610.205478 
20.125000 1611.085803 
20.125000 1611.965532 
20.125000 1612.846548 
20.125000 1613.725512 
20.125000 1614.605501 
20.125000 1615.485548 
20.062000 1616.365484 
20.125000 1617.245522 
20.125000 1618.125491 
20.125000 1619.006010 
20.125000 1619.885499 
20.125000 1620.765447 
20.062000 1621.645490 
20.125000 1622.525519 
20.125000 1623.405897 
20.125000 1624.285512 
20.125000 1625.166049 
20.125000 1626.045507 
20.062000 1626.925497 
20.125000 1627.805508 
20.125000 1628.685475 
20.125000 1630.445499 
20.125000 1631.326021 
20.125000 1632.205512 
20.125000 1633.085492 
20.125000 1633.965508 
20.125000 1634.845545 
20.125000 1635.725921 
20.062000 1636.605526 
20.125000 1637.486080 
20.125000 1638.366678 
20.125000 1639.245525 
20.062000 1640.125521 
20.062000 1641.005505 
20.062000 1641.885553 
20.062000 1642.765525 
20.062000 1643.645543 
20.062000 1644.525584 
20.062000 1645.485526 
20.062000 1646.365545 
20.125000 1647.245620 
20.125000 1648.125531 
20.062000 1649.005553 
20.062000 1649.885566 
20.062000 1650.765591 
20.125000 1651.645545 
20.062000 1652.605853 
20.125000 1654.445543 
20.125000 1655.325665 
20.125000 1656.205590 
20.125000 1657.085558 
20.125000 1657.965562 
20.125000 1658.845541 
20.125000 1659.725550 
20.125000 1660.605535 
20.125000 1661.485639 
20.125000 1662.365627 
20.125000 1663.245544 
20.125000 1664.125592 
20.062000 1665.005536 
20.125000 1665.885626 
20.125000 1666.765576 
20.125000 1667.645618 
20.125000 1668.525573 
20.125000 1669.405518 
20.125000 1670.285597 
20.125000 1671.165551 
20.125000 1672.045647 
20.125000 1672.925566 
20.125000 1673.805623 
20.125000 1674.695570 
20.125000 1675.645603 
20.125000 1677.406796 
20.125000 1679.165650 
20.125000 1680.926080 
20.125000 1681.805204 
20.125000 1682.685616 
20.125000 1683.565601 
20.125000 1684.445598 
20.125000 1685.325595 
20.125000 1686.205542 
20.125000 1687.085589 
20.125000 1687.965518 
20.125000 1688.845614 
20.125000 1689.725568 
20.125000 1690.605656 
20.125000 1691.485546 
20.125000 1692.365561 
20.125000 1693.245548 
20.125000 1694.125838 
20.125000 1695.005569 
20.125000 1695.885558 
20.125000 1696.765610 
20.125000 1697.645548 
20.125000 1698.526645 
20.125000 1699.405504 
20.125000 1700.285938 
20.125000 1701.165517 
20.125000 1702.925958 
20.125000 1704.685532 
20.125000 1705.565654 
20.125000 1706.445528 
20.125000 1707.326237 
20.125000 1708.205520 
20.125000 1709.086102 
20.125000 1709.965519 
20.125000 1711.725500 
20.125000 1712.605718 
20.125000 1713.486083 
20.125000 1714.365526 
20.125000 1715.245484 
20.125000 1716.125503 
20.125000 1717.005490 
20.125000 1718.765512 
20.125000 1719.646023 
20.125000 1720.525526 
20.125000 1721.405487 
20.125000 1722.285529 
20.125000 1723.165524 
20.125000 1724.925493 
20.125000 1725.806081 
20.125000 1726.685489 
20.125000 1727.565506 
20.125000 1728.445514 
20.125000 1729.325516 
20.125000 1730.205982 
20.125000 1731.085514 
20.125000 1731.965507 
20.125000 1732.845544 
20.125000 1733.725494 
20.125000 1735.485506 
20.125000 1736.366118 
20.125000 1737.245504 
20.125000 1738.125696 
20.125000 1739.005523 
20.125000 1739.885736 
20.125000 1740.765943 
20.125000 1741.645980 
20.125000 1742.605513 
20.125000 1743.485525 
20.125000 1744.365516 
20.125000 1745.245514 
20.125000 1746.125498 
20.125000 1747.005521 
20.125000 1748.765545 
20.125000 1749.645563 
20.125000 1750.525579 
20.125000 1751.405487 
20.125000 1752.285525 
20.125000 1753.165495 
20.125000 1754.045957 
20.125000 1754.925500 
20.187000 1755.885494 
20.125000 1756.765999 
20.125000 1757.645489 
20.125000 1758.526123 
20.125000 1759.405603 
20.187000 1760.285579 
20.125000 1761.165532 
20.125000 1762.045533 
20.125000 1762.925540 
20.125000 1763.805539 
20.187000 1764.685502 
20.125000 1765.565518 
20.125000 1766.445552 
20.125000 1767.325527 
20.125000 1768.205496 
20.125000 1769.085519 
20.125000 1769.965498 
20.125000 1770.845530 
20.187000 1771.725505 
20.125000 1772.605542 
20.125000 1773.485520 
20.125000 1774.365526 
20.125000 1775.245520 
20.125000 1776.125540 
20.125000 1777.005551 
20.125000 1777.885481 
20.125000 1778.765503 
20.125000 1779.646124 
20.125000 1780.525510 
20.125000 1781.405517 
20.125000 1782.285505 
20.125000 1783.165028 
20.125000 1784.045017 
20.187000 1784.925524 
20.125000 1785.805453 
20.125000 1786.684992 
20.187000 1787.565511 
20.187000 1788.445484 
20.125000 1789.325495 
20.125000 1790.205516 
20.125000 1791.085501 
20.125000 1791.965512 
20.125000 1792.845513 
20.187000 1793.725504 
20.187000 1794.605474 
20.125000 1795.485513 
20.125000 1796.365501 
20.125000 1797.245649 
20.125000 1798.125536 
20.125000 1799.005440 
20.187000 1799.885507 
20.125000 1800.765507 
20.125000 1801.645508 
20.125000 1802.525514 
20.125000 1803.405498 
20.125000 1804.285536 
20.125000 1805.169744 
20.187000 1806.045493 
20.125000 1806.925451 
20.125000 1807.805546 
20.187000 1808.685484 
20.187000 1809.565436 
20.125000 1810.445523 
20.125000 1811.325493 
20.125000 1812.205479 
20.125000 1813.085493 
20.187000 1813.965514 
20.125000 1814.845492 
20.125000 1815.725493 
20.125000 1816.605471 
20.187000 1817.485523 
20.125000 1818.365695 
20.125000 1819.245494 
20.125000 1820.125738 
20.125000 1821.005494 
20.125000 1821.885803 
20.125000 1822.765488 
20.187000 1823.645697 
20.187000 1824.525487 
20.125000 1825.405648 
20.125000 1826.285468 
20.187000 1827.165631 
20.125000 1828.045490 
20.187000 1828.925444 
20.125000 1829.805504 
