21.312000
21.312000
21.312000
21.312000
21.312000
21.312000
21.375000
21.312000
21.312000
21.375000
21.375000
21.375000
21.375000
21.375000
21.375000
21.375000
21.375000
21.375000
21.375000
21.437000
21.437000
21.437000
21.437000
21.437000
21.437000
21.437000
21.437000
21.437000
21.437000
21.437000
21.437000
21.437000
21.437000
21.500000
21.500000
21.500000
21.500000
21.500000
21.500000
21.500000
21.500000
21.500000
21.500000
21.500000
21.500000
21.500000
21.562000
21.562000
21.562000
21.562000
21.562000
21.562000
21.562000
21.562000
21.562000
21.562000
21.562000
21.562000
21.562000
21.562000
21.562000
21.562000
21.562000
21.562000
21.625000
21.625000
21.562000
21.562000
21.562000
21.625000
21.625000
21.625000
21.625000
21.625000
21.625000
21.625000
21.625000
21.625000
21.625000
21.625000
21.562000
21.562000
21.562000
21.562000
21.562000
21.562000
21.562000
21.500000
21.562000
21.500000
21.562000
21.500000
21.500000
21.500000
21.500000
21.500000
21.500000
21.500000
21.437000
21.437000
21.437000
21.437000
21.437000
21.375000
21.375000
21.375000
21.375000
21.375000
21.312000
21.312000
21.312000
21.312000
21.312000
21.312000
21.312000
21.250000
21.250000
21.250000
21.250000
21.250000
21.250000
21.187000
21.187000
21.187000
21.187000
21.187000
21.187000
21.187000
21.187000
21.187000
21.125000
21.125000
21.125000
21.125000
21.125000
21.125000
21.125000
21.062000
21.062000
21.062000
21.125000
21.125000
21.062000
21.062000
21.062000
21.062000
21.062000
21.062000
21.062000
21.062000
21.062000
21.062000
21.062000
21.062000
21.062000
21.062000
21.062000
21.062000
21.062000
21.062000
21.062000
21.062000
21.125000
21.125000
21.062000
21.125000
21.125000
21.125000
21.125000
21.125000
21.125000
21.125000
21.125000
21.125000
21.125000
21.125000
21.187000
21.187000
21.125000
21.187000
21.187000
21.187000
21.187000
21.187000
21.187000
21.187000
21.250000
21.250000
21.250000
21.250000
21.250000
21.250000
21.250000
21.250000
21.312000
21.250000
21.312000
21.312000
21.250000
21.312000
21.250000
21.312000
21.312000
21.312000
21.312000
21.312000
21.312000
21.375000
21.312000
21.312000
21.375000
21.375000
21.375000
21.375000
21.375000
21.375000
21.375000
21.375000
21.375000
21.375000
21.437000
21.375000
21.437000
21.437000
21.437000
21.437000
21.437000
21.437000
21.437000
21.437000
21.500000
21.437000
21.500000
21.437000
21.500000
21.500000
21.500000
21.500000
21.500000
21.500000
21.500000
21.500000
21.500000
21.500000
21.562000
21.500000
21.500000
21.500000
21.562000
21.562000
21.562000
21.562000
21.562000
21.562000
21.562000
21.562000
21.562000
21.562000
21.562000
21.562000
21.562000
21.562000
21.562000
21.625000
21.562000
21.625000
21.562000
21.625000
21.625000
21.625000
21.625000
21.625000
21.625000
21.625000
21.625000
21.625000
21.625000
21.562000
21.562000
21.625000
21.562000
21.562000
21.562000
21.562000
21.562000
21.562000
21.500000
21.500000
21.500000
21.500000
21.500000
21.500000
21.500000
21.500000
21.437000
21.437000
21.437000
21.437000
21.437000
21.437000
21.437000
21.375000
21.375000
21.375000
21.375000
21.375000
21.312000
21.312000
21.312000
21.312000
21.312000
21.312000
21.312000
21.250000
21.250000
21.250000
21.250000
21.187000
21.250000
21.187000
21.187000
21.187000
21.187000
21.187000
21.187000
21.125000
21.125000
21.125000
21.125000
21.125000
21.125000
21.125000
21.125000
21.062000
21.062000
21.062000
21.062000
21.062000
21.062000
21.062000
21.062000
21.062000
21.062000
21.062000
21.062000
21.062000
21.062000
21.062000
21.062000
21.062000
21.062000
21.062000
21.062000
21.062000
21.062000
21.062000
21.062000
21.062000
21.062000
21.062000
21.062000
21.062000
21.062000
21.062000
21.062000
21.125000
21.125000
21.062000
21.125000
21.125000
21.062000
21.125000
21.125000
21.125000
21.125000
21.125000
21.125000
21.125000
21.125000
21.187000
21.187000
21.187000
21.187000
21.187000
21.187000
21.187000
21.187000
21.250000
21.187000
21.187000
21.187000
21.250000
21.250000
21.250000
21.250000
21.250000
21.250000
21.250000
21.312000
21.250000
21.312000
21.312000
21.312000
21.312000
21.312000
21.312000
21.312000
21.312000
21.312000
21.312000
21.312000
21.312000
21.312000
21.375000
21.375000
21.375000
21.375000
21.375000
21.375000
21.375000
21.375000
21.437000
21.375000
21.437000
21.437000
21.437000
21.437000
21.437000
21.437000
21.437000
21.437000
21.437000
21.437000
21.437000
21.437000
21.437000
21.437000
21.437000
21.500000
21.500000
21.500000
21.500000
21.500000
21.500000
21.500000
21.500000
21.500000
21.500000
21.562000
21.500000
21.500000
21.500000
21.500000
21.500000
21.500000
21.500000
21.500000
21.500000
21.562000
21.562000
21.562000
21.562000
21.562000
21.562000
21.562000
21.562000
21.562000
21.562000
21.562000
21.562000
21.562000
21.625000
21.562000
21.562000
21.562000
21.625000
21.625000
21.625000
21.625000
21.625000
21.625000
21.625000
21.625000
21.625000
21.625000
21.562000
21.562000
21.562000
21.562000
21.562000
21.562000
21.500000
21.500000
21.500000
21.500000
21.500000
21.500000
21.500000
21.437000
21.437000
21.437000