Heating curve data [Tmp degrees celcius, time seconds] over 1000 steps. Supply: voltage 0.0V, Current 0.0A.

[19.812000, 0.943057] 
[19.812000, 1.822498] 
[19.750000, 2.702971] 
[19.812000, 3.582948] 
[19.812000, 4.462919] 
[19.812000, 5.342909] 
[19.812000, 6.222980] 
[19.812000, 7.102912] 
[19.812000, 7.982907] 
[19.812000, 8.862907] 
[19.812000, 9.743121] 
[19.812000, 10.622948] 
[19.812000, 11.503118] 
[19.812000, 12.382951] 
[19.812000, 13.263047] 
[19.812000, 14.142950] 
[19.812000, 15.023277] 
[19.812000, 15.903004] 
[19.812000, 16.783124] 
[19.812000, 17.662979] 
[19.812000, 18.542984] 
[19.812000, 19.422996] 
[19.812000, 20.302967] 
[19.812000, 21.182974] 
[19.812000, 22.062969] 
[19.812000, 22.943009] 
[19.812000, 23.822979] 
[19.812000, 24.702978] 
[19.812000, 25.582986] 
[19.812000, 26.467955] 
[19.812000, 27.342962] 
[19.812000, 28.222970] 
[19.812000, 29.102972] 
[19.812000, 29.982978] 
[19.812000, 30.862967] 
[19.812000, 31.742998] 
[19.812000, 32.622986] 
[19.812000, 33.502977] 
[19.812000, 34.382983] 
[19.812000, 35.262984] 
[19.812000, 36.143370] 
[19.812000, 37.025166] 
[19.812000, 37.902976] 
[19.812000, 38.783004] 
[19.812000, 39.663023] 
[19.812000, 40.542978] 
[19.812000, 41.422977] 
[19.812000, 42.302998] 
[19.812000, 43.262981] 
[19.812000, 44.223081] 
[19.750000, 45.104836] 
[19.812000, 46.862982] 
[19.812000, 47.742957] 
[19.812000, 48.622987] 
[19.812000, 49.502983] 
[19.812000, 50.382973] 
[19.812000, 51.262980] 
[19.812000, 52.142970] 
[19.812000, 53.022977] 
[19.750000, 53.902974] 
[19.750000, 54.784828] 
[19.812000, 55.662946] 
[19.750000, 56.543121] 
[19.812000, 57.422932] 
[19.812000, 58.303116] 
[19.812000, 59.182966] 
[19.812000, 60.942979] 
[19.812000, 61.823046] 
[19.812000, 62.702945] 
[19.812000, 63.583251] 
[19.812000, 64.463053] 
[19.812000, 65.342535] 
[19.812000, 66.222679] 
[19.812000, 67.103022] 
[19.812000, 67.982988] 
[19.812000, 68.863007] 
[19.812000, 69.742857] 
[19.812000, 70.623093] 
[19.812000, 71.503045] 
[19.812000, 72.382943] 
[19.812000, 73.262977] 
[19.875000, 74.142966] 
[19.812000, 75.022904] 
[19.875000, 75.902908] 
[19.812000, 76.782940] 
[19.812000, 77.662971] 
[19.875000, 78.542940] 
[19.812000, 79.422907] 
[19.875000, 80.302954] 
[19.875000, 81.183125] 
[19.812000, 82.062957] 
[19.812000, 82.943114] 
[19.875000, 83.822970] 
[19.875000, 84.703058] 
[19.875000, 85.583133] 
[19.875000, 87.424731] 
[19.875000, 88.302975] 
[19.875000, 89.183334] 
[19.875000, 90.063206] 
[19.875000, 90.943138] 
[19.875000, 91.822978] 
[19.875000, 92.702567] 
[19.875000, 93.583579] 
[19.875000, 94.513412] 
[19.875000, 95.422980] 
[19.875000, 96.304855] 
[19.937000, 97.182974] 
[19.875000, 98.062769] 
[19.875000, 98.942521] 
[19.937000, 99.822931] 
[19.937000, 100.702576] 
[19.937000, 101.582690] 
[19.937000, 102.464390] 
[19.937000, 103.342436] 
[19.937000, 104.222968] 
[19.937000, 105.102997] 
[19.937000, 105.982961] 
[19.937000, 106.862974] 
[20.000000, 107.742986] 
[20.000000, 108.623159] 
[19.937000, 109.503091] 
[19.937000, 110.383130] 
[20.000000, 111.262532] 
[19.937000, 112.142947] 
[20.000000, 113.022450] 
[20.000000, 113.903036] 
[20.000000, 114.782979] 
[20.000000, 115.662464] 
[20.000000, 116.542988] 
[20.000000, 117.422967] 
[20.000000, 118.302990] 
[20.000000, 119.183058] 
[20.000000, 120.062962] 
[20.000000, 120.942979] 
[20.000000, 121.822960] 
[20.000000, 122.702930] 
[20.062000, 123.582937] 
[20.062000, 124.462952] 
[20.062000, 125.342942] 
[20.062000, 126.222932] 
[20.062000, 127.102935] 
[20.062000, 127.982944] 
[20.062000, 128.862902] 
[20.062000, 129.742940] 
[20.062000, 130.622979] 
[20.062000, 131.502989] 
[20.062000, 132.382941] 
[20.062000, 133.262964] 
[20.062000, 134.142969] 
[20.062000, 135.022986] 
[20.125000, 135.902951] 
[20.125000, 136.782940] 
[20.125000, 137.662947] 
[20.062000, 138.542962] 
[20.125000, 139.422950] 
[20.125000, 140.302933] 
[20.125000, 141.182967] 
[20.125000, 142.062970] 
[20.125000, 142.942941] 
[20.125000, 143.822954] 
[20.125000, 144.702960] 
[20.125000, 145.582955] 
[20.187000, 146.542989] 
[20.125000, 147.422951] 
[20.187000, 148.302960] 
[20.125000, 149.182944] 
[20.187000, 150.062953] 
[20.187000, 150.942952] 
[20.187000, 151.822948] 
[20.187000, 152.702944] 
[20.187000, 153.582995] 
[20.187000, 154.462977] 
[20.187000, 155.342941] 
[20.187000, 156.222931] 
[20.187000, 157.102955] 
[20.187000, 157.982937] 
[20.250000, 158.862934] 
[20.187000, 159.742947] 
[20.187000, 160.622974] 
[20.187000, 161.502959] 
[20.187000, 162.382934] 
[20.187000, 163.262937] 
[20.250000, 164.142996] 
[20.250000, 165.022945] 
[20.250000, 165.902928] 
[20.250000, 166.782951] 
[20.250000, 167.663036] 
[20.250000, 168.542942] 
[20.250000, 169.422941] 
[20.250000, 170.302953] 
[20.250000, 171.182962] 
[20.250000, 172.063029] 
[20.250000, 172.942952] 
[20.250000, 173.822962] 
[20.250000, 174.702964] 
[20.312000, 175.582936] 
[20.312000, 176.462926] 
[20.312000, 177.342964] 
[20.312000, 178.222934] 
[20.312000, 179.102937] 
[20.312000, 179.982941] 
[20.312000, 180.862966] 
[20.312000, 181.742930] 
[20.312000, 182.622938] 
[20.312000, 183.502952] 
[20.312000, 184.382966] 
[20.312000, 185.262926] 
[20.312000, 186.142930] 
[20.312000, 187.022947] 
[20.312000, 187.902968] 
[20.312000, 188.782933] 
[20.312000, 189.662940] 
[20.312000, 190.542938] 
[20.375000, 191.422951] 
[20.375000, 192.302941] 
[20.312000, 193.182897] 
[20.375000, 194.062942] 
[20.375000, 194.942950] 
[20.375000, 195.822944] 
[20.375000, 196.702939] 
[20.375000, 197.582967] 
[20.375000, 198.462931] 
[20.375000, 199.342946] 
[20.375000, 200.222934] 
[20.375000, 201.102951] 
[20.375000, 201.982891] 
[20.375000, 202.862904] 
[20.437000, 203.742952] 
[20.375000, 204.622952] 
[20.375000, 205.502933] 
[20.375000, 206.382931] 
[20.437000, 207.262939] 
[20.437000, 208.142979] 
[20.375000, 209.022936] 
[20.437000, 209.902942] 
[20.375000, 210.782937] 
[20.437000, 211.662970] 
[20.437000, 212.542937] 
[20.437000, 213.422903] 
[20.437000, 214.302942] 
[20.437000, 215.182964] 
[20.437000, 216.062960] 
[20.437000, 216.942926] 
[20.437000, 217.822961] 
[20.437000, 218.702928] 
[20.437000, 219.582947] 
[20.437000, 220.462932] 
[20.437000, 221.342963] 
[20.500000, 222.222949] 
[20.500000, 223.103024] 
[20.500000, 223.982971] 
[20.500000, 224.863272] 
[20.437000, 225.742949] 
[20.437000, 226.623224] 
[20.500000, 227.543517] 
[20.500000, 228.543227] 
[20.500000, 229.422971] 
[20.500000, 230.302914] 
[20.500000, 231.182967] 
[20.500000, 232.062918] 
[20.500000, 232.942977] 
[20.562000, 233.822917] 
[20.500000, 234.702952] 
[20.500000, 235.582921] 
[20.500000, 236.462954] 
[20.500000, 237.342917] 
[20.500000, 238.222958] 
[20.562000, 239.102957] 
[20.562000, 239.982982] 
[20.562000, 240.862954] 
[20.562000, 241.742940] 
[20.562000, 242.622944] 
[20.562000, 243.502972] 
[20.562000, 244.382935] 
[20.562000, 245.262950] 
[20.562000, 246.142901] 
[20.562000, 247.022971] 
[20.562000, 247.902937] 
[20.562000, 248.782900] 
[20.562000, 249.662946] 
[20.562000, 250.542954] 
[20.562000, 251.422941] 
[20.562000, 252.302914] 
[20.625000, 253.182934] 
[20.562000, 254.062940] 
[20.562000, 254.942932] 
[20.625000, 255.822926] 
[20.625000, 256.702959] 
[20.625000, 257.582930] 
[20.625000, 258.462934] 
[20.625000, 259.342943] 
[20.625000, 260.222967] 
[20.625000, 261.102932] 
[20.562000, 261.982938] 
[20.625000, 262.862947] 
[20.625000, 263.742972] 
[20.625000, 264.622932] 
[20.625000, 265.502918] 
[20.625000, 266.382951] 
[20.625000, 267.262956] 
[20.625000, 268.142952] 
[20.625000, 269.022944] 
[20.625000, 269.902949] 
[20.625000, 270.782893] 
[20.625000, 271.662938] 
[20.687000, 272.542932] 
[20.625000, 273.422974] 
[20.687000, 274.302927] 
[20.687000, 275.182922] 
[20.687000, 276.062972] 
[20.687000, 276.942962] 
[20.687000, 277.822935] 
[20.687000, 278.702926] 
[20.687000, 279.582976] 
[20.687000, 280.462976] 
[20.687000, 281.342924] 
[20.687000, 282.222949] 
[20.687000, 283.103413] 
[20.687000, 283.982967] 
[20.687000, 284.862960] 
[20.687000, 285.742933] 
[20.687000, 286.622947] 
[20.687000, 287.502949] 
[20.687000, 288.382932] 
[20.687000, 289.262931] 
[20.687000, 290.142946] 
[20.687000, 291.022932] 
[20.750000, 291.902939] 
[20.687000, 292.782900] 
[20.750000, 293.662956] 
[20.750000, 294.542921] 
[20.750000, 295.422938] 
[20.750000, 296.302954] 
[20.750000, 297.182950] 
[20.750000, 298.062941] 
[20.750000, 298.942934] 
[20.750000, 299.822982] 
[20.750000, 300.782932] 
[20.750000, 301.662942] 
[20.750000, 302.542966] 
[20.750000, 303.422963] 
[20.750000, 304.302936] 
[20.750000, 305.182932] 
[20.750000, 306.062944] 
[20.750000, 306.942969] 
[20.750000, 307.822936] 
[20.750000, 308.702933] 
[20.750000, 309.582954] 
[20.750000, 310.462969] 
[20.750000, 311.342933] 
[20.750000, 312.222945] 
[20.812000, 313.102934] 
[20.812000, 313.982949] 
[20.812000, 314.862932] 
[20.750000, 315.742954] 
[20.812000, 316.622936] 
[20.812000, 317.502899] 
[20.750000, 318.382925] 
[20.812000, 319.262928] 
[20.812000, 320.142955] 
[20.812000, 321.022938] 
[20.812000, 321.902931] 
[20.812000, 322.782949] 
[20.812000, 323.662970] 
[20.812000, 324.542935] 
[20.812000, 325.422931] 
[20.812000, 326.302957] 
[20.812000, 327.182957] 
[20.812000, 328.063094] 
[20.812000, 328.942936] 
[20.812000, 329.822949] 
[20.812000, 330.702974] 
[20.812000, 331.582954] 
[20.812000, 332.462931] 
[20.875000, 333.342932] 
[20.812000, 334.222970] 
[20.875000, 335.102933] 
[20.812000, 335.982938] 
[20.812000, 336.862948] 
[20.875000, 337.742952] 
[20.875000, 338.622930] 
[20.875000, 339.502912] 
[20.875000, 340.382951] 
[20.875000, 341.263067] 
[20.875000, 342.142915] 
[20.875000, 343.023076] 
[20.875000, 343.902464] 
[20.875000, 344.782523] 
[20.875000, 345.663038] 
[20.875000, 346.542947] 
[20.875000, 347.422965] 
[20.875000, 348.302941] 
[20.875000, 349.182944] 
[20.875000, 350.062965] 
[20.875000, 350.942986] 
[20.875000, 351.822955] 
[20.875000, 352.702945] 
[20.875000, 353.582968] 
[20.875000, 354.463006] 
[20.875000, 355.342935] 
[20.875000, 356.222926] 
[20.875000, 357.102959] 
[20.875000, 357.982939] 
[20.875000, 358.862928] 
[20.937000, 359.742944] 
[20.937000, 360.622940] 
[20.937000, 361.502938] 
[20.875000, 362.382938] 
[20.875000, 363.262950] 
[20.937000, 364.142957] 
[20.937000, 365.022941] 
[20.937000, 365.902906] 
[20.937000, 366.782939] 
[20.875000, 367.662945] 
[20.937000, 368.542932] 
[20.937000, 369.422970] 
[20.937000, 370.302950] 
[20.937000, 371.182983] 
[20.937000, 372.062948] 
[20.937000, 372.942942] 
[20.937000, 373.822953] 
[20.937000, 374.702954] 
[20.937000, 375.582914] 
[20.937000, 376.462929] 
[20.937000, 377.342957] 
[20.937000, 378.222927] 
[20.937000, 379.102932] 
[20.937000, 379.982955] 
[20.937000, 380.862959] 
[20.937000, 381.742933] 
[20.937000, 382.702945] 
[20.937000, 383.582958] 
[20.937000, 384.462917] 
[20.937000, 385.342905] 
[20.937000, 386.222951] 
[21.000000, 387.102956] 
[21.000000, 387.982941] 
[21.000000, 388.862932] 
[21.000000, 389.742956] 
[21.000000, 390.622962] 
[21.000000, 391.502937] 
[21.000000, 392.382936] 
[21.000000, 393.262963] 
[21.000000, 394.142921] 
[21.000000, 395.022945] 
[21.000000, 395.902934] 
[21.000000, 396.782975] 
[21.000000, 397.662894] 
[21.000000, 398.542917] 
[21.000000, 399.422952] 
[21.000000, 400.302978] 
[21.000000, 401.182945] 
[21.000000, 402.062953] 
[21.000000, 402.942939] 
[21.000000, 403.822975] 
[21.000000, 404.702953] 
[21.062000, 405.582923] 
[21.000000, 406.462941] 
[21.062000, 407.342944] 
[21.062000, 408.222939] 
[21.062000, 409.102924] 
[21.000000, 409.982954] 
[21.000000, 410.862926] 
[21.000000, 411.742947] 
[21.062000, 412.622933] 
[21.062000, 413.502962] 
[21.062000, 414.382935] 
[21.062000, 415.262948] 
[21.062000, 416.142959] 
[21.062000, 417.022991] 
[21.062000, 417.902933] 
[21.062000, 418.782928] 
[21.062000, 419.662952] 
[21.062000, 420.542969] 
[21.062000, 421.422925] 
[21.062000, 422.302944] 
[21.062000, 423.182937] 
[21.062000, 424.062967] 
[21.062000, 424.942932] 
[21.062000, 425.822936] 
[21.062000, 426.702945] 
[21.062000, 427.582934] 
[21.062000, 428.462939] 
[21.062000, 429.342932] 
[21.062000, 430.222967] 
[21.062000, 431.102926] 
[21.062000, 431.982945] 
[21.062000, 432.862955] 
[21.062000, 433.742959] 
[21.125000, 434.622945] 
[21.062000, 435.503323] 
[21.125000, 436.382975] 
[21.125000, 437.262974] 
[21.062000, 438.142972] 
[21.062000, 439.022973] 
[21.062000, 439.903201] 
[21.125000, 440.782983] 
[21.125000, 441.663121] 
[21.125000, 442.542980] 
[21.125000, 444.302974] 
[21.125000, 445.183127] 
[21.125000, 446.063394] 
[21.125000, 446.943238] 
[21.125000, 447.822971] 
[21.125000, 449.583045] 
[21.125000, 450.462997] 
[21.062000, 451.342988] 
[21.062000, 452.222985] 
[21.125000, 453.103008] 
[21.125000, 453.983005] 
[21.125000, 454.862972] 
[21.125000, 455.743016] 
[21.125000, 456.623005] 
[21.125000, 457.502965] 
[21.187000, 458.382965] 
[21.125000, 459.262961] 
[21.125000, 460.142999] 
[21.125000, 461.022980] 
[21.125000, 461.902973] 
[21.125000, 462.783026] 
[21.187000, 463.663058] 
[21.125000, 464.623180] 
[21.125000, 465.502959] 
[21.125000, 466.383178] 
[21.125000, 467.262972] 
[21.187000, 468.143117] 
[21.187000, 469.022977] 
[21.187000, 469.903188] 
[21.187000, 470.782987] 
[21.187000, 471.663196] 
[21.125000, 472.542995] 
[21.187000, 473.423142] 
[21.187000, 474.302973] 
[21.187000, 475.182947] 
[21.187000, 476.063050] 
[21.187000, 476.943038] 
[21.187000, 477.823000] 
[21.187000, 478.702975] 
[21.187000, 479.583077] 
[21.187000, 480.462970] 
[21.187000, 481.342976] 
[21.187000, 482.222969] 
[21.187000, 483.103014] 
[21.187000, 483.982965] 
[21.187000, 484.862938] 
[21.187000, 485.743062] 
[21.187000, 486.622994] 
[21.187000, 487.502978] 
[21.187000, 488.382983] 
[21.187000, 489.262963] 
[21.187000, 490.143561] 
[21.187000, 491.022976] 
[21.187000, 491.902972] 
[21.187000, 492.783034] 
[21.187000, 493.663213] 
[21.187000, 494.542940] 
[21.250000, 495.422973] 
[21.187000, 496.303016] 
[21.187000, 497.182973] 
[21.187000, 498.062986] 
[21.250000, 498.942978] 
[21.250000, 499.823068] 
[21.250000, 500.702970] 
[21.250000, 501.582986] 
[21.250000, 502.462978] 
[21.250000, 503.343010] 
[21.250000, 504.222951] 
[21.250000, 505.102978] 
[21.250000, 505.982978] 
[21.250000, 506.863010] 
[21.250000, 507.742973] 
[21.250000, 508.622980] 
[21.250000, 509.502978] 
[21.250000, 510.382968] 
[21.250000, 511.263074] 
[21.250000, 512.142959] 
[21.250000, 513.023051] 
[21.250000, 513.902952] 
[21.250000, 514.782980] 
[21.250000, 515.663009] 
[21.250000, 516.544841] 
[21.250000, 517.422988] 
[21.250000, 518.302986] 
[21.250000, 519.183092] 
[21.250000, 520.062983] 
[21.250000, 520.943095] 
[21.250000, 521.822990] 
[21.250000, 522.702946] 
[21.250000, 523.582959] 
[21.312000, 524.462952] 
[21.250000, 525.343029] 
[21.312000, 526.222965] 
[21.250000, 527.103311] 
[21.312000, 528.863010] 
[21.250000, 529.743001] 
[21.312000, 530.623271] 
[21.250000, 531.502995] 
[21.250000, 532.383024] 
[21.312000, 533.262942] 
[21.312000, 534.142949] 
[21.312000, 535.023031] 
[21.312000, 535.902969] 
[21.312000, 536.783028] 
[21.312000, 537.662962] 
[21.312000, 538.543037] 
[21.312000, 540.302739] 
[21.312000, 541.263597] 
[21.312000, 542.143021] 
[21.312000, 543.023001] 
[21.312000, 544.782606] 
[21.312000, 545.663509] 
[21.312000, 546.622977] 
[21.312000, 547.502893] 
[21.312000, 548.382991] 
[21.312000, 549.262938] 
[21.312000, 550.142970] 
[21.312000, 551.022907] 
[21.312000, 551.903019] 
[21.312000, 552.783052] 
[21.312000, 553.662997] 
[21.312000, 554.543039] 
[21.312000, 555.423074] 
[21.312000, 556.302979] 
[21.312000, 557.182920] 
[21.312000, 558.062908] 
[21.312000, 558.943026] 
[21.312000, 559.822966] 
[21.312000, 560.703001] 
[21.312000, 561.582941] 
[21.375000, 562.462991] 
[21.312000, 563.342968] 
[21.312000, 564.223033] 
[21.312000, 565.102903] 
[21.375000, 565.982970] 
[21.375000, 566.862990] 
[21.375000, 567.742904] 
[21.312000, 568.622905] 
[21.312000, 569.502960] 
[21.375000, 570.382971] 
[21.375000, 571.263035] 
[21.312000, 572.143042] 
[21.312000, 573.023011] 
[21.375000, 573.903012] 
[21.375000, 574.782889] 
[21.375000, 575.662983] 
[21.375000, 576.543179] 
[21.375000, 577.423034] 
[21.375000, 578.302985] 
[21.375000, 579.183289] 
[21.375000, 580.062917] 
[21.375000, 580.942991] 
[21.375000, 581.822971] 
[21.375000, 582.703010] 
[21.375000, 583.582962] 
[21.375000, 584.462948] 
[21.375000, 585.343034] 
[21.375000, 586.222980] 
[21.375000, 587.102906] 
[21.375000, 587.983004] 
[21.375000, 588.862952] 
[21.375000, 589.742906] 
[21.375000, 590.622916] 
[21.375000, 591.502897] 
[21.375000, 592.383021] 
[21.375000, 593.262913] 
[21.375000, 594.142876] 
[21.375000, 595.023054] 
[21.375000, 595.902988] 
[21.437000, 596.823565] 
[21.375000, 597.742976] 
[21.437000, 598.622963] 
[21.437000, 599.503197] 
[21.375000, 600.382906] 
[21.375000, 601.263005] 
[21.437000, 602.142966] 
[21.375000, 603.022886] 
[21.437000, 603.902919] 
[21.437000, 604.783071] 
[21.437000, 605.662560] 
[21.437000, 606.542953] 
[21.437000, 607.422904] 
[21.437000, 608.302956] 
[21.437000, 609.182901] 
[21.437000, 610.062937] 
[21.437000, 610.942954] 
[21.437000, 611.822962] 
[21.437000, 612.702929] 
[21.437000, 613.582945] 
[21.437000, 614.462995] 
[21.437000, 615.342989] 
[21.437000, 616.222952] 
[21.437000, 617.102972] 
[21.437000, 617.982987] 
[21.437000, 618.862917] 
[21.437000, 619.742968] 
[21.437000, 620.622911] 
[21.437000, 621.502987] 
[21.437000, 622.382929] 
[21.437000, 623.262926] 
[21.437000, 624.142982] 
[21.437000, 625.902921] 
[21.437000, 626.782926] 
[21.437000, 627.662963] 
[21.437000, 628.543151] 
[21.437000, 629.422925] 
[21.500000, 630.302920] 
[21.437000, 631.182966] 
[21.437000, 632.062984] 
[21.437000, 632.942962] 
[21.437000, 633.822917] 
[21.437000, 634.702989] 
[21.437000, 635.582962] 
[21.437000, 636.463013] 
[21.437000, 638.222978] 
[21.437000, 639.103110] 
[21.500000, 639.982964] 
[21.500000, 640.862964] 
[21.500000, 641.742977] 
[21.500000, 642.622959] 
[21.500000, 643.502956] 
[21.437000, 644.382964] 
[21.437000, 645.263011] 
[21.437000, 646.143125] 
[21.500000, 647.023751] 
[21.500000, 647.902962] 
[21.437000, 648.782953] 
[21.437000, 649.662962] 
[21.500000, 650.542939] 
[21.500000, 651.422978] 
[21.500000, 652.302969] 
[21.500000, 653.182977] 
[21.437000, 654.063024] 
[21.437000, 654.944201] 
[21.500000, 655.822965] 
[21.500000, 656.703283] 
[21.500000, 657.582985] 
[21.500000, 658.462943] 
[21.500000, 659.342973] 
[21.500000, 660.222910] 
[21.500000, 661.102996] 
[21.500000, 661.982950] 
[21.500000, 662.863006] 
[21.500000, 663.742955] 
[21.500000, 664.622992] 
[21.500000, 665.502940] 
[21.500000, 666.382962] 
[21.500000, 667.262950] 
[21.500000, 668.144800] 
[21.500000, 669.022966] 
[21.500000, 669.902951] 
[21.500000, 670.782991] 
[21.500000, 671.662974] 
[21.500000, 672.542958] 
[21.500000, 673.423029] 
[21.500000, 674.303014] 
[21.562000, 675.182952] 
[21.500000, 676.062961] 
[21.500000, 676.943000] 
[21.500000, 677.824257] 
[21.500000, 678.702958] 
[21.500000, 679.663338] 
[21.500000, 680.545027] 
[21.500000, 681.423312] 
[21.500000, 682.303014] 
[21.500000, 683.183208] 
[21.562000, 684.063038] 
[21.500000, 684.942495] 
[21.562000, 685.822960] 
[21.562000, 686.703384] 
[21.500000, 687.582962] 
[21.500000, 688.463303] 
[21.562000, 689.343134] 
[21.562000, 690.222710] 
[21.562000, 691.102553] 
[21.500000, 692.872540] 
[21.562000, 693.742567] 
[21.562000, 694.622432] 
[21.562000, 695.502667] 
[21.562000, 696.383399] 
[21.562000, 697.263120] 
[21.562000, 698.142950] 
[21.562000, 699.023221] 
[21.562000, 699.902963] 
[21.562000, 700.783123] 
[21.562000, 701.662993] 
[21.562000, 702.543126] 
[21.562000, 703.422946] 
[21.562000, 704.303444] 
[21.562000, 705.183039] 
[21.562000, 706.063291] 
[21.562000, 706.942960] 
[21.562000, 707.823170] 
[21.562000, 708.702999] 
[21.562000, 709.583194] 
[21.562000, 710.462967] 
[21.562000, 711.343282] 
[21.562000, 712.222950] 
[21.562000, 713.982961] 
[21.625000, 715.742953] 
[21.562000, 716.623293] 
[21.562000, 717.502970] 
[21.562000, 719.262952] 
[21.562000, 720.143286] 
[21.562000, 721.022981] 
[21.562000, 722.782991] 
[21.562000, 724.543013] 
[21.625000, 725.423112] 
[21.562000, 726.302950] 
[21.625000, 728.063007] 
[21.625000, 728.943126] 
[21.562000, 729.823012] 
[21.625000, 730.703288] 
[21.625000, 731.582942] 
[21.625000, 732.463080] 
[21.625000, 733.342989] 
[21.625000, 734.222985] 
[21.625000, 735.102952] 
[21.625000, 735.982969] 
[21.625000, 736.862986] 
[21.625000, 737.742970] 
[21.625000, 738.622953] 
[21.625000, 739.502960] 
[21.625000, 740.382983] 
[21.625000, 741.262956] 
[21.625000, 742.153286] 
[21.625000, 743.024471] 
[21.625000, 743.903183] 
[21.625000, 744.782902] 
[21.625000, 745.662899] 
[21.625000, 746.542943] 
[21.625000, 747.422980] 
[21.625000, 748.302934] 
[21.625000, 749.182891] 
[21.625000, 750.062955] 
[21.625000, 750.942955] 
[21.625000, 751.822887] 
[21.625000, 752.702985] 
[21.625000, 753.582966] 
[21.625000, 754.462973] 
[21.625000, 755.342897] 
[21.625000, 756.222967] 
[21.625000, 757.102994] 
[21.625000, 757.982960] 
[21.625000, 758.862916] 
[21.625000, 759.742970] 
[21.625000, 760.622901] 
[21.625000, 761.582966] 
[21.625000, 762.462966] 
[21.625000, 763.342949] 
[21.625000, 764.223054] 
[21.625000, 765.102512] 
[21.687000, 765.982921] 
[21.687000, 766.862920] 
[21.625000, 767.742958] 
[21.625000, 768.623011] 
[21.687000, 769.502905] 
[21.687000, 770.382976] 
[21.625000, 771.262978] 
[21.687000, 772.143099] 
[21.687000, 773.022936] 
[21.687000, 773.902996] 
[21.687000, 774.782960] 
[21.687000, 775.662990] 
[21.687000, 776.542928] 
[21.687000, 777.422901] 
[21.687000, 778.302985] 
[21.687000, 779.182970] 
[21.687000, 780.062973] 
[21.687000, 780.942959] 
[21.687000, 781.822983] 
[21.687000, 782.702977] 
[21.687000, 783.582899] 
[21.687000, 784.462929] 
[21.687000, 785.343041] 
[21.687000, 786.222955] 
[21.687000, 787.102916] 
[21.687000, 787.982921] 
[21.687000, 788.862955] 
[21.687000, 789.742965] 
[21.687000, 790.622998] 
[21.687000, 791.503019] 
[21.687000, 792.383029] 
[21.687000, 793.262976] 
[21.687000, 794.143137] 
[21.687000, 795.022965] 
[21.687000, 795.902968] 
[21.687000, 796.782890] 
[21.687000, 797.662959] 
[21.750000, 798.542896] 
[21.687000, 799.423036] 
[21.687000, 800.302999] 
[21.687000, 801.182977] 
[21.687000, 802.062971] 
[21.687000, 802.942993] 
[21.687000, 803.822984] 
[21.687000, 804.702948] 
[21.687000, 805.582910] 
[21.687000, 806.463011] 
[21.687000, 807.342942] 
[21.687000, 808.222995] 
[21.687000, 809.102956] 
[21.687000, 809.982955] 
[21.687000, 810.862984] 
[21.687000, 811.742909] 
[21.687000, 812.622914] 
[21.750000, 813.502985] 
[21.687000, 814.382936] 
[21.750000, 815.262998] 
[21.750000, 816.142987] 
[21.687000, 817.023115] 
[21.750000, 817.902896] 
[21.750000, 818.782906] 
[21.750000, 819.662953] 
[21.750000, 820.542985] 
[21.750000, 821.423390] 
[21.750000, 822.303009] 
[21.750000, 823.183174] 
[21.750000, 824.063073] 
[21.750000, 824.943046] 
[21.750000, 825.822972] 
[21.750000, 826.702996] 
[21.750000, 828.462912] 
[21.750000, 829.342985] 
[21.750000, 830.223005] 
[21.750000, 831.103920] 
[21.750000, 831.982914] 
[21.750000, 832.862963] 
[21.750000, 833.743027] 
[21.750000, 834.623973] 
[21.750000, 835.503032] 
[21.750000, 836.382455] 
[21.750000, 837.262969] 
[21.750000, 839.022970] 
[21.750000, 839.905051] 
[21.750000, 840.782983] 
[21.750000, 841.662718] 
[21.750000, 842.543049] 
[21.750000, 843.503056] 
[21.750000, 844.383023] 
[21.750000, 845.262990] 
[21.750000, 846.142959] 
[21.750000, 847.022981] 
[21.750000, 847.903013] 
[21.750000, 848.782959] 
[21.750000, 849.662918] 
[21.750000, 850.542965] 
[21.750000, 851.422937] 
[21.750000, 852.302906] 
[21.750000, 853.182945] 
[21.750000, 854.062931] 
[21.812000, 854.943071] 
[21.750000, 855.822933] 
[21.750000, 856.702899] 
[21.750000, 857.582936] 
[21.750000, 858.462987] 
[21.750000, 859.342957] 
[21.750000, 860.222900] 
[21.750000, 861.102964] 
[21.750000, 861.982927] 
[21.750000, 862.862917] 
[21.812000, 863.742897] 
[21.750000, 864.622962] 
[21.812000, 865.502958] 
[21.750000, 866.383003] 
[21.812000, 867.262935] 
[21.750000, 868.142980] 
[21.812000, 869.022939] 
[21.812000, 869.902936] 
[21.812000, 870.782939] 
[21.812000, 871.663043] 
[21.812000, 872.542960] 
[21.750000, 873.423010] 
[21.812000, 874.302960] 
[21.812000, 875.182918] 
[21.812000, 876.062972] 
[21.812000, 877.823471] 
[21.812000, 878.702963] 
[21.750000, 879.582963] 
[21.812000, 880.463081] 
[21.812000, 881.342970] 
[21.812000, 882.222955] 
[21.812000, 883.982993] 
[21.750000, 884.862943] 
[21.812000, 885.742910] 
[21.812000, 886.622946] 
[21.812000, 887.503007] 
[21.812000, 888.382954] 
[21.812000, 889.262986] 
[21.812000, 890.142961] 
[21.812000, 891.023459] 
[21.812000, 891.903975] 
[21.812000, 892.782902] 
[21.812000, 893.662950] 
[21.812000, 894.542979] 
[21.812000, 895.424034] 
[21.812000, 896.302965] 
[21.812000, 897.182959] 
[21.812000, 898.062981] 
[21.812000, 898.944155] 
[21.812000, 899.822981] 
