Heating data over 2000 data points. Supply voltage, 0.0V. Supply current 0.0A. [tmp degrees celius, time seconds]

20.125000 0.913049 
20.125000 1.872764 
20.125000 2.752550 
20.125000 3.632384 
20.125000 4.512400 
20.187000 5.392334 
20.125000 6.272431 
20.187000 7.152324 
20.187000 8.032312 
20.187000 8.912318 
20.187000 9.792316 
20.187000 10.672346 
20.125000 11.552294 
20.125000 12.432365 
20.187000 13.312420 
20.187000 14.192379 
20.187000 15.071812 
20.187000 15.952346 
20.187000 16.832350 
20.187000 17.712330 
20.187000 18.592306 
20.187000 19.472343 
20.187000 20.352319 
20.187000 21.232353 
20.187000 22.994263 
20.187000 23.871813 
20.187000 24.752476 
20.187000 25.631907 
20.125000 26.512321 
20.187000 27.392351 
20.125000 28.272330 
20.187000 29.152447 
20.187000 30.031854 
20.187000 30.912314 
20.187000 31.792335 
20.187000 32.672301 
20.125000 33.552352 
20.187000 34.432614 
20.187000 35.312331 
20.187000 36.192326 
20.187000 37.072316 
20.187000 37.952327 
20.125000 38.832370 
20.125000 39.712472 
20.187000 40.592330 
20.187000 41.472338 
20.125000 42.352602 
20.187000 44.112685 
20.187000 44.991884 
20.187000 45.952366 
20.187000 46.912370 
20.187000 47.792449 
20.187000 48.672367 
20.187000 49.552313 
20.187000 50.432319 
20.187000 51.312326 
20.187000 52.191897 
20.187000 53.072336 
20.187000 53.952327 
20.187000 54.832411 
20.187000 55.712482 
20.187000 56.591783 
20.187000 57.472342 
20.187000 58.352448 
20.187000 59.232497 
20.187000 60.112022 
20.187000 60.992501 
20.187000 61.871915 
20.187000 62.752374 
20.187000 63.632386 
20.187000 64.512311 
20.187000 65.392343 
20.187000 66.271791 
20.187000 67.152391 
20.250000 68.032381 
20.187000 68.912337 
20.250000 69.792386 
20.187000 70.671814 
20.250000 71.552367 
20.250000 72.432612 
20.250000 73.312526 
20.250000 74.192548 
20.250000 75.072615 
20.250000 75.952409 
20.250000 76.832417 
20.250000 77.712405 
20.250000 78.592345 
20.250000 79.472349 
20.250000 80.352329 
20.250000 81.232509 
20.312000 82.112332 
20.312000 82.991928 
20.250000 84.752569 
20.312000 85.631845 
20.312000 86.512420 
20.312000 87.392404 
20.312000 88.272412 
20.312000 89.152359 
20.312000 90.031795 
20.312000 90.912430 
20.312000 91.792335 
20.312000 92.672366 
20.312000 93.552392 
20.312000 94.432357 
20.312000 95.312428 
20.375000 96.192343 
20.375000 97.151823 
20.312000 98.112337 
20.312000 98.992506 
20.375000 99.871947 
20.375000 100.752466 
20.375000 101.632836 
20.375000 102.512344 
20.375000 103.391845 
20.375000 104.272483 
20.437000 105.151898 
20.437000 106.032345 
20.375000 106.912335 
20.437000 107.792324 
20.437000 108.672332 
20.375000 109.552467 
20.437000 110.432055 
20.437000 111.312361 
20.437000 112.192318 
20.437000 113.072409 
20.437000 113.952381 
20.437000 114.831884 
20.437000 115.711836 
20.437000 116.591790 
20.437000 117.472387 
20.437000 119.232457 
20.437000 120.112332 
20.437000 120.992327 
20.437000 121.872355 
20.500000 122.752030 
20.500000 123.631791 
20.500000 124.512315 
20.500000 125.392361 
20.500000 126.272320 
20.500000 127.151821 
20.500000 128.032328 
20.500000 128.912362 
20.500000 129.792324 
20.562000 130.672338 
20.562000 131.552355 
20.500000 132.432342 
20.562000 133.312386 
20.562000 134.192337 
20.562000 135.072351 
20.562000 135.952341 
20.562000 136.832322 
20.562000 137.712337 
20.562000 138.592405 
20.562000 139.472344 
20.562000 140.352330 
20.562000 141.232364 
20.562000 142.112325 
20.625000 142.992316 
20.625000 143.872333 
20.625000 144.752311 
20.625000 145.632339 
20.625000 146.512321 
20.625000 147.392364 
20.625000 148.312954 
20.625000 149.232316 
20.625000 150.112353 
20.625000 150.992310 
20.625000 151.872726 
20.625000 152.752319 
20.625000 153.632356 
20.625000 154.512349 
20.687000 155.392365 
20.687000 156.272416 
20.687000 157.151919 
20.687000 158.032334 
20.687000 158.911910 
20.687000 159.792345 
20.687000 160.672410 
20.687000 161.552320 
20.687000 162.431903 
20.687000 163.312822 
20.687000 164.192342 
20.687000 165.072311 
20.750000 165.952295 
20.750000 166.832278 
20.750000 167.712283 
20.750000 168.592285 
20.750000 169.472311 
20.750000 170.352328 
20.750000 171.232358 
20.750000 172.112328 
20.750000 172.992345 
20.750000 174.754371 
20.750000 175.632555 
20.812000 176.512356 
20.812000 177.392620 
20.812000 178.272373 
20.812000 179.152557 
20.812000 180.032381 
20.812000 180.912547 
20.812000 181.792351 
20.812000 182.752394 
20.812000 184.512402 
20.812000 185.392286 
20.812000 186.272327 
20.812000 187.152311 
20.812000 188.032469 
20.875000 188.912327 
20.875000 189.792319 
20.875000 190.672301 
20.875000 191.552311 
20.875000 192.432292 
20.875000 193.312320 
20.875000 194.192291 
20.875000 195.072296 
20.875000 195.952301 
20.875000 196.832286 
20.875000 197.712288 
20.937000 198.592302 
20.937000 199.512845 
20.937000 200.432320 
20.937000 201.312030 
20.937000 202.192367 
20.937000 203.072338 
20.937000 203.952388 
20.937000 204.832326 
20.937000 205.712281 
20.937000 206.592300 
20.937000 207.471902 
20.937000 208.352393 
20.937000 209.231821 
20.937000 210.112306 
20.937000 210.992330 
21.000000 211.872334 
20.937000 212.752331 
21.000000 213.632634 
20.937000 214.512353 
21.000000 215.392352 
21.000000 216.272301 
21.000000 217.152339 
21.000000 218.032305 
21.000000 218.912348 
21.000000 219.792300 
21.000000 220.672346 
21.000000 221.552311 
21.000000 222.432308 
21.000000 223.312286 
21.000000 224.192310 
21.000000 225.072296 
21.000000 225.952256 
21.062000 226.832286 
21.000000 227.712352 
21.000000 228.592340 
21.062000 229.472295 
21.062000 230.352446 
21.062000 231.232285 
21.062000 232.112266 
21.062000 232.992281 
21.062000 233.872314 
21.062000 234.752306 
21.062000 235.632307 
21.062000 236.512316 
21.062000 237.392315 
21.062000 238.272364 
21.062000 239.152348 
21.062000 240.032315 
21.062000 240.912277 
21.062000 241.792279 
21.125000 242.672299 
21.062000 243.552295 
21.125000 244.432296 
21.125000 245.312290 
21.125000 246.192322 
21.125000 247.072332 
21.125000 247.952313 
21.125000 248.832311 
21.125000 249.712239 
21.125000 250.592332 
21.125000 251.472283 
21.125000 252.352255 
21.125000 253.232301 
21.125000 254.112296 
21.125000 254.992300 
21.125000 255.872241 
21.187000 256.752294 
21.125000 257.632274 
21.125000 258.512283 
21.187000 259.392256 
21.187000 260.272309 
21.187000 261.152284 
21.187000 262.032292 
21.187000 262.912275 
21.187000 263.792335 
21.187000 264.672302 
21.187000 265.552287 
21.187000 266.432307 
21.187000 267.312242 
21.187000 268.192281 
21.187000 269.072280 
21.250000 269.952306 
21.250000 270.832277 
21.187000 271.792333 
21.187000 272.672335 
21.187000 273.552293 
21.187000 274.432258 
21.187000 275.312302 
21.187000 276.192342 
21.250000 277.072330 
21.250000 277.952246 
21.250000 278.832320 
21.250000 279.712256 
21.250000 280.592300 
21.250000 281.472899 
21.250000 282.432275 
21.250000 283.312292 
21.250000 284.192285 
21.250000 285.072325 
21.312000 285.952276 
21.250000 286.832256 
21.312000 287.712302 
21.250000 288.592238 
21.250000 289.472290 
21.312000 290.352277 
21.312000 291.232314 
21.250000 292.112303 
21.312000 292.992319 
21.312000 293.872314 
21.312000 294.752319 
21.312000 295.632293 
21.312000 296.512262 
21.312000 297.392289 
21.312000 298.272284 
21.312000 299.152333 
21.312000 300.032378 
21.312000 300.912313 
21.312000 301.792314 
21.375000 302.672319 
21.375000 303.552305 
21.312000 304.432315 
21.312000 305.312290 
21.312000 306.192247 
21.375000 307.072292 
21.375000 307.952485 
21.375000 308.832221 
21.375000 309.712361 
21.375000 310.592343 
21.375000 311.472335 
21.375000 312.352245 
21.375000 313.232397 
21.375000 314.112278 
21.375000 314.992298 
21.375000 315.872385 
21.375000 316.752339 
21.375000 317.632307 
21.437000 318.512344 
21.375000 319.392140 
21.375000 320.272239 
21.375000 321.152331 
21.375000 322.032273 
21.375000 322.912300 
21.375000 323.792324 
21.375000 324.672349 
21.437000 325.552311 
21.437000 326.431854 
21.437000 327.312334 
21.437000 328.192266 
21.437000 329.072323 
21.437000 329.952291 
21.437000 330.832277 
21.437000 331.712284 
21.437000 332.632891 
21.437000 333.552298 
21.437000 334.432282 
21.437000 335.312325 
21.437000 336.192344 
21.437000 337.072304 
21.437000 337.951765 
21.437000 338.832398 
21.437000 339.711833 
21.437000 340.592289 
21.500000 341.472305 
21.500000 342.352388 
21.500000 343.231758 
21.437000 344.112349 
21.500000 344.992365 
21.500000 345.872345 
21.437000 346.751829 
21.500000 347.632372 
21.500000 348.512317 
21.500000 349.392266 
21.500000 350.272489 
21.500000 351.152395 
21.500000 352.032318 
21.500000 352.912388 
21.500000 353.791793 
21.500000 354.673306 
21.500000 355.552325 
21.500000 356.432335 
21.500000 357.312320 
21.500000 358.192334 
21.500000 359.073301 
21.500000 360.032335 
21.500000 360.912758 
21.562000 361.793458 
21.562000 362.672312 
21.500000 363.552314 
21.562000 364.432314 
21.500000 365.313075 
21.562000 366.192312 
21.500000 367.072328 
21.562000 367.952481 
21.562000 369.716691 
21.500000 370.592411 
21.500000 371.472317 
21.500000 372.353505 
21.562000 373.232274 
21.562000 374.112416 
21.562000 374.992323 
21.562000 375.873466 
21.562000 376.752842 
21.562000 377.632356 
21.562000 378.512550 
21.562000 379.392494 
21.562000 380.271847 
21.562000 381.152417 
21.562000 382.913044 
21.562000 383.792320 
21.562000 384.752392 
21.625000 385.632494 
21.562000 386.512326 
21.625000 387.392391 
21.625000 388.272335 
21.625000 389.152366 
21.625000 390.912335 
21.625000 392.673687 
21.625000 393.552542 
21.625000 394.432342 
21.625000 395.312398 
21.625000 396.192382 
21.625000 397.072310 
21.625000 397.952301 
21.687000 398.832309 
21.625000 399.712367 
21.625000 400.592300 
21.625000 401.472303 
21.625000 402.352313 
21.625000 403.232344 
21.625000 404.112310 
21.625000 404.992299 
21.687000 405.872319 
21.687000 406.753479 
21.625000 407.632319 
21.687000 408.512337 
21.687000 409.392362 
21.687000 411.152307 
21.687000 412.032351 
21.687000 412.912357 
21.687000 414.672465 
21.687000 415.552347 
21.687000 416.432320 
21.687000 417.314485 
21.687000 418.191895 
21.687000 419.072986 
21.687000 419.952329 
21.687000 420.831809 
21.687000 421.712324 
21.687000 422.592300 
21.687000 423.472319 
21.687000 424.352349 
21.687000 425.232341 
21.687000 426.112318 
21.687000 426.992378 
21.687000 427.872341 
21.687000 428.752329 
21.687000 429.632296 
21.687000 430.512300 
21.750000 431.391918 
21.687000 432.272322 
21.750000 433.151784 
21.750000 434.032391 
21.750000 434.912346 
21.750000 435.791906 
21.750000 436.672552 
21.750000 437.552324 
21.750000 438.432550 
21.750000 439.312955 
21.750000 440.192309 
21.750000 441.072355 
21.750000 441.951909 
21.750000 442.832304 
21.750000 443.712295 
21.750000 444.592334 
21.750000 445.472331 
21.750000 446.352305 
21.750000 447.232323 
21.750000 448.112339 
21.750000 448.992317 
21.750000 449.872308 
21.750000 450.752347 
21.750000 451.632343 
21.812000 452.512344 
21.812000 453.392332 
21.812000 454.272279 
21.812000 455.152305 
21.812000 456.032343 
21.812000 456.913406 
21.812000 457.792275 
21.812000 458.672266 
21.812000 459.552338 
21.812000 460.433374 
21.812000 461.312348 
21.812000 462.191773 
21.812000 463.072332 
21.812000 463.952935 
21.812000 464.832313 
21.812000 465.712314 
21.812000 466.672334 
21.812000 467.552264 
21.812000 468.432304 
21.812000 469.312364 
21.812000 470.192327 
21.875000 471.072347 
21.812000 471.951843 
21.812000 472.832486 
21.875000 473.712327 
21.875000 474.593681 
21.875000 475.472386 
21.812000 476.351779 
21.812000 477.231902 
21.812000 478.112411 
21.875000 478.992697 
21.875000 479.872605 
21.875000 480.752367 
21.812000 481.632544 
21.875000 482.512377 
21.875000 483.391887 
21.875000 484.271901 
21.875000 485.161903 
21.875000 486.031785 
21.875000 486.912315 
21.875000 487.792340 
21.875000 488.673610 
21.875000 489.551935 
21.875000 490.432326 
21.875000 491.312372 
21.875000 492.192286 
21.875000 493.072329 
21.875000 493.952330 
21.875000 494.832337 
21.875000 495.712328 
21.875000 496.592322 
21.875000 497.472357 
21.937000 498.352556 
21.937000 499.232552 
21.937000 500.112344 
21.937000 500.992366 
21.875000 501.872341 
21.937000 502.752398 
21.937000 503.632312 
21.937000 504.512384 
21.937000 505.392324 
21.937000 506.272337 
21.937000 507.152317 
21.937000 508.032339 
21.937000 508.912296 
21.937000 509.792479 
21.937000 510.672354 
21.937000 511.552321 
21.937000 512.432367 
21.937000 513.312346 
21.937000 514.192369 
21.937000 515.072363 
21.937000 515.952305 
21.937000 516.832363 
21.937000 517.712322 
21.937000 518.592359 
21.937000 519.472315 
21.937000 520.352354 
21.937000 521.232315 
21.937000 522.112338 
21.937000 522.992306 
21.937000 523.872344 
22.000000 524.752365 
21.937000 525.632320 
21.937000 526.512311 
22.000000 527.392331 
21.937000 528.272365 
22.000000 529.152340 
22.000000 530.032340 
22.000000 530.912304 
22.000000 531.792333 
22.000000 532.672345 
22.000000 533.552291 
22.000000 534.432335 
22.000000 535.312338 
22.000000 536.192351 
22.000000 537.072297 
22.000000 537.952325 
22.000000 538.832415 
22.000000 539.712358 
22.000000 540.592291 
22.000000 541.552333 
22.000000 542.432314 
22.000000 543.312347 
22.000000 544.192344 
22.000000 545.072338 
22.000000 545.952306 
22.000000 546.832494 
22.000000 547.712305 
22.000000 548.672356 
22.000000 549.552379 
22.000000 550.431795 
22.000000 551.312380 
22.000000 552.192321 
22.000000 553.072389 
22.000000 553.952307 
22.000000 554.832343 
22.000000 555.712351 
22.062000 556.592338 
22.000000 557.472302 
22.000000 558.352485 
22.062000 559.232350 
22.000000 560.112339 
22.062000 560.992304 
22.062000 561.872343 
22.062000 562.752288 
22.062000 563.632341 
22.062000 564.512340 
22.062000 565.392362 
22.062000 566.272336 
22.062000 567.152336 
22.062000 568.032336 
22.062000 568.912341 
22.062000 569.792306 
22.062000 570.672334 
22.062000 571.552403 
22.062000 572.432289 
22.062000 573.312354 
22.062000 574.192308 
22.062000 575.072387 
22.062000 575.952303 
22.062000 576.832344 
22.062000 577.712332 
22.062000 578.592342 
22.062000 579.472325 
22.062000 580.352339 
22.062000 581.232340 
22.062000 582.112309 
22.062000 582.992315 
22.062000 583.872354 
22.062000 584.752370 
22.062000 585.632349 
22.125000 586.512298 
22.125000 587.392433 
22.125000 588.272302 
22.125000 589.152338 
22.125000 590.032305 
22.125000 590.912336 
22.125000 591.792281 
22.125000 592.672330 
22.125000 593.552303 
22.125000 594.432379 
22.125000 595.312339 
22.125000 596.192345 
22.125000 597.072305 
22.125000 597.952328 
22.125000 598.832327 
22.125000 599.792339 
22.125000 600.672318 
22.125000 601.552299 
22.125000 602.432347 
22.125000 603.312361 
22.125000 604.192347 
22.125000 605.072315 
22.125000 605.952347 
22.125000 606.832340 
22.125000 607.712330 
22.187000 608.592288 
22.187000 609.472352 
22.187000 610.352318 
22.125000 611.232319 
22.187000 612.112312 
22.187000 612.992368 
22.187000 613.872338 
22.187000 614.752330 
22.125000 615.632339 
22.187000 616.512316 
22.187000 617.392344 
22.187000 618.272335 
22.187000 619.152352 
22.187000 620.032330 
22.125000 620.912341 
22.187000 621.792342 
22.187000 622.672369 
22.187000 623.552331 
22.187000 624.432480 
22.187000 625.312358 
22.187000 626.192341 
22.187000 627.072333 
22.187000 627.952333 
22.187000 628.832334 
22.187000 629.792288 
22.187000 630.672347 
22.187000 631.552283 
22.187000 632.432330 
22.187000 633.312306 
22.187000 634.192377 
22.187000 635.072302 
22.187000 635.952420 
22.187000 636.832561 
22.187000 637.712392 
22.187000 638.592317 
22.187000 639.472327 
22.187000 640.352337 
22.187000 641.232316 
22.250000 642.112350 
22.250000 642.992333 
22.250000 643.872351 
22.250000 644.752309 
22.187000 645.632346 
22.250000 646.512368 
22.250000 647.392388 
22.250000 648.272317 
22.250000 649.152353 
22.250000 650.112360 
22.187000 651.072285 
22.250000 651.952383 
22.250000 652.832347 
22.187000 653.712321 
22.250000 654.592327 
22.250000 655.472512 
22.250000 656.352336 
22.250000 657.232322 
22.250000 658.112316 
22.250000 658.992352 
22.250000 659.872344 
22.250000 660.752280 
22.250000 661.632313 
22.250000 662.512332 
22.250000 663.392326 
22.250000 664.272308 
22.250000 665.152329 
22.250000 666.032337 
22.250000 666.912333 
22.312000 667.792324 
22.250000 668.672325 
22.312000 669.552340 
22.250000 670.432299 
22.250000 671.312324 
22.250000 672.192308 
22.312000 673.072326 
22.250000 673.952335 
22.250000 674.832324 
22.250000 675.712302 
22.250000 676.592322 
22.312000 677.472343 
22.312000 678.352379 
22.312000 679.232309 
22.312000 680.112324 
22.312000 680.992340 
22.312000 681.872290 
22.312000 682.752308 
22.312000 683.632346 
22.312000 684.512492 
22.312000 685.392335 
22.312000 686.272312 
22.312000 687.152355 
22.312000 688.032373 
22.312000 688.912281 
22.312000 689.792259 
22.312000 690.672361 
22.312000 691.552319 
22.312000 692.432365 
22.312000 693.312313 
22.312000 694.192349 
22.312000 695.072319 
22.312000 695.952594 
22.312000 696.832320 
22.312000 697.712257 
22.312000 698.592320 
22.312000 699.472314 
22.312000 700.352322 
22.312000 701.232347 
22.312000 702.193472 
22.312000 703.073917 
22.312000 703.952307 
22.312000 704.832327 
22.312000 706.592261 
22.312000 707.472266 
22.375000 708.352318 
22.375000 709.233477 
22.312000 710.112264 
22.375000 710.992272 
22.312000 711.872325 
22.312000 712.752848 
22.312000 713.632266 
22.375000 714.512262 
22.312000 715.392346 
22.375000 716.272347 
22.312000 717.152276 
22.375000 718.032256 
22.375000 718.912360 
22.375000 719.792354 
22.312000 720.672274 
22.375000 721.552349 
22.375000 722.432511 
22.375000 723.312362 
22.375000 724.192259 
22.375000 725.072332 
22.375000 725.952314 
22.375000 726.832357 
22.375000 727.712315 
22.312000 728.592326 
22.375000 729.472307 
22.375000 730.352345 
22.375000 731.232303 
22.375000 732.112261 
22.375000 732.992283 
22.375000 733.872360 
22.375000 734.752309 
22.375000 735.632270 
22.375000 736.512309 
22.375000 737.392357 
22.437000 738.272382 
22.375000 739.152278 
22.375000 740.032321 
22.375000 740.912358 
22.375000 741.792265 
22.375000 742.672275 
22.375000 743.552311 
22.375000 744.432354 
22.375000 745.312297 
22.375000 746.192313 
22.375000 747.072311 
22.375000 747.952452 
22.375000 748.832322 
22.375000 749.712279 
22.375000 750.592325 
22.375000 751.472330 
22.437000 752.352330 
22.437000 753.232286 
22.375000 754.112396 
22.437000 754.992333 
22.437000 755.872253 
22.437000 756.752321 
22.375000 757.632329 
22.437000 758.512281 
22.437000 759.392252 
22.375000 760.272548 
22.437000 761.152247 
22.437000 762.032422 
22.437000 762.912313 
22.375000 763.792280 
22.437000 764.672254 
22.437000 765.552307 
22.437000 766.432363 
22.437000 767.312310 
22.437000 768.192260 
22.437000 769.072276 
22.437000 769.952342 
22.437000 770.832262 
22.437000 771.712310 
22.437000 772.592290 
22.437000 773.472355 
22.437000 774.352247 
22.437000 775.232245 
22.437000 776.112282 
22.437000 776.992329 
22.437000 777.872245 
22.437000 778.752244 
22.437000 779.632297 
22.437000 780.512299 
22.437000 781.392241 
22.437000 782.272277 
22.437000 783.152313 
22.437000 784.112238 
22.437000 784.992313 
22.437000 785.872338 
22.500000 786.752343 
22.437000 787.632246 
22.437000 788.512304 
22.500000 789.392271 
22.437000 790.272317 
22.437000 791.152316 
22.437000 792.032292 
22.437000 792.912285 
22.437000 793.792306 
22.437000 794.672323 
22.500000 795.552274 
22.500000 796.432314 
22.437000 797.312328 
22.437000 798.192314 
22.437000 799.072236 
22.437000 799.952297 
22.437000 800.832407 
22.437000 801.712322 
22.500000 802.592246 
22.500000 803.472288 
22.500000 804.352325 
22.500000 805.232341 
22.500000 806.112234 
22.500000 807.072296 
22.500000 807.952300 
22.500000 808.832298 
22.500000 809.712312 
22.500000 810.592315 
22.500000 811.472286 
22.500000 812.352324 
22.500000 813.232247 
22.500000 814.112326 
22.500000 814.992328 
22.500000 815.872315 
22.500000 816.752260 
22.500000 817.632327 
22.500000 818.512367 
22.500000 819.392248 
22.500000 820.272253 
22.500000 821.152293 
22.500000 822.032319 
22.500000 822.912248 
22.500000 823.792255 
22.500000 824.672313 
22.500000 825.552341 
22.500000 826.432256 
22.500000 827.312309 
22.500000 828.192363 
22.500000 829.072347 
22.500000 829.952266 
22.500000 830.832316 
22.500000 831.712349 
22.562000 832.592334 
22.500000 833.472327 
22.500000 834.352305 
22.500000 835.314261 
22.500000 836.192327 
22.500000 837.072290 
22.500000 837.952350 
22.500000 838.832312 
22.562000 839.712347 
22.500000 840.592266 
22.500000 841.472328 
22.562000 842.352317 
22.562000 843.232339 
22.562000 844.112357 
22.500000 844.992304 
22.562000 845.872293 
22.562000 846.752355 
22.562000 847.632267 
22.562000 848.512415 
22.562000 849.392315 
22.562000 850.273468 
22.562000 851.152266 
22.562000 852.032264 
22.562000 852.912316 
22.562000 853.793406 
22.562000 854.672266 
22.562000 855.622318 
22.562000 856.592316 
22.562000 857.472292 
22.562000 858.352306 
22.562000 859.232343 
22.562000 860.112334 
22.562000 860.992278 
22.562000 861.872363 
22.562000 862.752337 
22.562000 863.632332 
22.562000 864.512339 
22.562000 865.392351 
22.562000 866.272377 
22.562000 867.152344 
22.562000 868.032396 
22.562000 868.912306 
22.562000 869.792343 
22.562000 870.672352 
22.562000 871.552335 
22.562000 872.432319 
22.562000 873.312334 
22.562000 874.192355 
22.562000 875.072351 
22.562000 875.952315 
22.562000 876.912377 
22.562000 877.792406 
22.562000 878.672322 
22.562000 879.552348 
22.562000 880.432408 
22.562000 881.312318 
22.562000 882.192312 
22.562000 883.072348 
22.562000 883.952359 
22.562000 884.832320 
22.625000 885.712320 
22.562000 886.592350 
22.562000 887.472367 
22.625000 888.352334 
22.625000 889.232314 
22.562000 890.112339 
22.562000 890.992337 
22.562000 891.872345 
22.625000 892.752376 
22.625000 893.632353 
22.625000 894.512351 
22.562000 895.472339 
22.562000 896.352737 
22.562000 897.232367 
22.625000 898.112607 
22.625000 898.992335 
22.625000 899.872615 
22.625000 900.752357 
22.625000 901.632407 
22.625000 902.512341 
22.625000 903.392361 
22.625000 904.272464 
22.625000 905.152330 
22.625000 906.032691 
22.625000 906.912360 
22.625000 907.792327 
22.625000 908.672571 
22.625000 909.552289 
22.625000 910.432419 
22.625000 911.312332 
22.625000 912.192365 
22.625000 913.072351 
22.625000 913.952837 
22.625000 914.832328 
22.625000 915.712358 
22.625000 916.592353 
22.625000 917.472347 
22.625000 918.352337 
22.625000 919.232361 
22.625000 920.112377 
22.625000 920.992333 
22.625000 921.872343 
22.625000 922.752390 
22.625000 924.513654 
22.625000 925.392760 
22.625000 926.272563 
22.625000 927.152265 
22.625000 928.112759 
22.625000 928.992594 
22.625000 929.872265 
22.625000 930.752434 
22.625000 931.632321 
22.625000 933.392324 
22.687000 935.152346 
22.625000 936.032588 
22.625000 936.912297 
22.687000 937.792473 
22.625000 938.675065 
22.625000 939.552561 
22.687000 940.432290 
22.625000 942.192296 
22.687000 943.952312 
22.687000 944.832394 
22.687000 945.712310 
22.687000 947.472340 
22.687000 948.352463 
22.687000 949.232313 
22.687000 950.995429 
22.687000 951.872405 
22.687000 952.752254 
22.687000 953.632541 
22.687000 954.513479 
22.687000 956.272320 
22.687000 957.152399 
22.687000 958.033471 
22.687000 958.912265 
22.687000 959.792326 
22.687000 960.672311 
22.687000 961.553423 
22.687000 962.432267 
22.687000 963.312348 
22.687000 964.192308 
22.687000 965.073422 
22.687000 965.952309 
22.687000 966.832343 
22.687000 967.712311 
22.687000 969.472304 
22.687000 970.352268 
22.687000 971.232315 
22.687000 972.995142 
22.687000 973.872313 
22.687000 974.752749 
22.687000 976.512258 
22.687000 977.392312 
22.687000 978.272301 
22.687000 979.152369 
22.687000 980.032259 
22.687000 980.912303 
22.687000 981.792306 
22.687000 982.672420 
22.687000 983.552311 
22.687000 984.432323 
22.687000 985.312304 
22.687000 986.192334 
22.687000 987.072293 
22.687000 987.952266 
22.750000 988.832317 
22.687000 989.712334 
22.687000 990.592283 
22.750000 991.472520 
22.687000 992.352354 
22.750000 993.312357 
22.687000 994.195165 
22.750000 995.072320 
22.750000 995.952310 
22.687000 996.832343 
22.687000 997.712258 
22.687000 998.592458 
22.687000 999.472272 
22.687000 1000.354231 
22.750000 1001.232305 
22.687000 1002.112328 
22.750000 1002.992387 
22.750000 1003.873435 
22.750000 1004.752301 
22.687000 1005.632344 
22.750000 1006.514332 
22.750000 1007.393542 
22.750000 1008.272254 
22.750000 1009.192615 
22.750000 1010.992309 
22.687000 1011.874270 
22.750000 1012.752312 
22.750000 1014.512334 
22.750000 1015.392328 
22.750000 1016.272329 
22.750000 1018.032398 
22.750000 1018.912272 
22.750000 1019.792312 
22.750000 1021.552264 
22.750000 1022.432342 
22.750000 1023.393669 
22.750000 1024.272258 
22.750000 1025.152451 
22.750000 1026.032311 
22.750000 1026.913350 
22.750000 1027.792293 
22.750000 1028.672398 
22.750000 1029.634689 
22.750000 1030.592342 
22.750000 1031.472385 
22.750000 1032.352335 
22.812000 1033.233552 
22.750000 1034.112308 
22.750000 1034.992355 
22.750000 1035.872329 
22.750000 1036.753574 
22.750000 1037.632340 
22.750000 1038.512374 
22.750000 1039.392302 
22.750000 1041.152333 
22.750000 1042.032332 
22.750000 1042.912351 
22.750000 1044.672353 
22.750000 1045.552333 
22.812000 1046.432334 
22.812000 1048.192324 
22.812000 1049.072274 
22.750000 1049.952328 
22.812000 1050.833495 
22.812000 1051.712278 
22.812000 1053.472312 
22.812000 1054.353558 
22.750000 1055.232327 
22.812000 1056.112266 
22.812000 1056.992317 
22.812000 1057.872365 
22.812000 1058.752246 
22.812000 1059.632279 
22.812000 1060.512309 
22.812000 1061.392537 
22.812000 1062.272288 
22.812000 1063.152623 
22.812000 1064.032332 
22.812000 1064.912555 
22.812000 1065.792300 
22.812000 1066.672462 
22.812000 1067.552345 
22.812000 1068.432508 
22.812000 1069.312267 
22.812000 1070.192536 
22.812000 1071.072430 
22.812000 1072.832269 
22.812000 1074.592312 
22.812000 1076.352311 
22.812000 1077.232332 
22.812000 1078.112285 
22.812000 1078.992322 
22.812000 1079.872324 
22.812000 1080.752270 
22.812000 1081.712322 
22.812000 1082.592310 
22.812000 1083.472261 
22.812000 1084.352274 
22.812000 1085.232337 
22.812000 1086.112621 
22.812000 1086.992294 
22.812000 1087.872462 
22.875000 1088.752337 
22.812000 1089.633446 
22.812000 1090.512331 
22.812000 1091.472340 
22.812000 1093.232363 
22.812000 1094.112478 
22.875000 1094.992327 
22.875000 1096.752347 
22.812000 1098.512330 
22.812000 1100.274118 
22.812000 1101.152470 
22.875000 1102.032326 
22.812000 1102.912654 
22.812000 1103.792267 
22.812000 1105.552327 
22.812000 1106.432515 
22.875000 1107.312294 
22.812000 1109.072332 
22.875000 1110.832298 
22.875000 1111.712252 
22.875000 1112.592332 
22.875000 1113.472331 
22.812000 1114.352318 
22.875000 1115.232324 
22.812000 1116.114228 
22.812000 1116.992377 
22.812000 1117.872260 
22.875000 1118.752315 
22.875000 1119.632340 
22.875000 1120.512344 
22.875000 1121.392359 
22.875000 1122.275085 
22.875000 1123.152335 
22.875000 1124.032332 
22.875000 1124.912342 
22.875000 1125.792261 
22.812000 1126.672339 
22.812000 1127.552334 
22.812000 1128.434186 
22.812000 1129.312270 
22.875000 1130.192342 
22.875000 1131.072340 
22.875000 1131.952269 
22.812000 1132.912312 
22.875000 1133.792365 
22.875000 1134.672332 
22.875000 1135.552314 
22.875000 1136.432359 
22.875000 1137.312371 
22.875000 1138.192442 
22.875000 1139.072325 
22.875000 1139.952365 
22.875000 1140.832378 
22.875000 1141.712325 
22.875000 1142.592333 
22.875000 1143.472372 
22.875000 1144.352350 
22.875000 1145.232350 
22.875000 1146.112319 
22.875000 1146.992360 
22.875000 1147.872328 
22.875000 1148.752345 
22.875000 1149.632326 
22.875000 1150.512386 
22.875000 1151.392350 
22.875000 1152.272366 
22.875000 1153.152324 
22.875000 1154.032331 
22.875000 1154.912316 
22.875000 1155.792391 
22.875000 1156.672371 
22.875000 1157.552332 
22.875000 1158.432349 
22.875000 1159.312359 
22.875000 1160.192328 
22.875000 1161.072317 
22.875000 1161.952317 
22.875000 1162.832356 
22.875000 1163.712332 
22.875000 1164.592305 
22.875000 1165.472317 
22.875000 1166.352394 
22.937000 1167.232300 
22.875000 1168.112324 
22.875000 1168.992321 
22.875000 1169.873905 
22.875000 1170.753583 
22.875000 1171.632372 
22.937000 1172.512337 
22.937000 1173.392341 
22.875000 1174.272308 
22.875000 1175.152344 
22.875000 1176.032338 
22.875000 1176.912342 
22.937000 1177.792307 
22.937000 1178.672360 
22.937000 1179.552380 
22.937000 1180.432341 
22.937000 1181.312342 
22.875000 1182.192361 
22.937000 1183.072339 
22.937000 1183.952341 
22.875000 1184.832345 
22.937000 1185.792343 
22.937000 1186.672336 
22.937000 1187.552381 
22.937000 1188.432276 
22.937000 1189.312338 
22.937000 1190.192320 
22.937000 1191.072367 
22.875000 1191.952306 
22.937000 1192.832331 
22.875000 1194.592382 
22.937000 1195.472273 
22.875000 1196.352334 
22.937000 1197.232555 
22.875000 1198.112334 
22.875000 1198.992297 
22.937000 1199.872335 
22.937000 1200.752355 
22.937000 1201.632336 
22.937000 1202.512284 
22.937000 1203.392335 
22.937000 1204.272490 
22.937000 1205.152325 
22.937000 1206.032316 
22.937000 1206.912352 
22.937000 1207.792273 
22.937000 1208.672327 
22.937000 1209.552354 
22.937000 1210.432353 
22.937000 1211.312290 
22.937000 1212.192332 
22.937000 1213.072590 
22.937000 1213.952372 
22.937000 1214.912324 
22.937000 1215.792328 
22.937000 1216.672379 
22.937000 1217.552277 
22.937000 1218.432288 
22.937000 1219.313442 
22.937000 1220.192310 
22.937000 1221.072278 
22.937000 1221.952320 
22.937000 1222.832385 
22.937000 1223.712347 
22.937000 1224.592324 
22.937000 1225.472340 
22.937000 1226.352365 
22.937000 1227.232335 
22.937000 1228.112268 
22.937000 1228.992361 
22.937000 1229.872310 
22.937000 1230.752336 
22.937000 1231.632341 
22.937000 1232.512410 
22.937000 1233.392295 
22.937000 1234.272303 
22.937000 1235.152307 
22.937000 1236.032321 
22.937000 1236.912313 
22.937000 1237.792305 
22.937000 1238.672333 
23.000000 1239.552253 
22.937000 1240.432314 
23.000000 1241.312324 
22.937000 1242.192336 
22.937000 1243.072255 
23.000000 1243.952323 
22.937000 1244.832335 
22.937000 1245.712348 
22.937000 1246.592296 
22.937000 1247.472291 
22.937000 1248.352333 
22.937000 1249.232282 
22.937000 1250.112313 
22.937000 1250.992361 
22.937000 1251.872370 
22.937000 1252.752378 
22.937000 1253.632329 
22.937000 1254.512352 
23.000000 1255.392385 
23.000000 1256.272340 
22.937000 1257.152297 
22.937000 1258.032369 
22.937000 1258.912316 
22.937000 1259.792349 
22.937000 1260.672306 
22.937000 1261.552334 
22.937000 1262.432317 
23.000000 1263.312338 
23.000000 1264.192328 
23.000000 1265.152324 
22.937000 1266.112340 
22.937000 1266.992514 
22.937000 1267.872316 
22.937000 1268.753800 
23.000000 1269.632344 
22.937000 1270.512628 
22.937000 1271.392321 
23.000000 1272.273580 
22.937000 1273.152412 
22.937000 1274.031798 
23.000000 1274.912426 
22.937000 1275.792405 
23.000000 1276.672363 
23.000000 1277.552335 
22.937000 1278.432329 
22.937000 1279.312346 
23.000000 1280.192339 
22.937000 1281.072336 
23.000000 1281.952319 
23.000000 1282.832330 
22.937000 1283.712720 
22.937000 1284.592331 
23.000000 1286.352345 
23.000000 1287.232483 
23.000000 1288.112315 
23.000000 1288.992465 
23.000000 1289.872340 
23.000000 1290.752575 
23.000000 1291.632323 
23.000000 1292.512261 
23.000000 1293.392338 
23.000000 1294.273743 
23.000000 1295.152305 
23.000000 1296.032269 
23.000000 1296.912347 
23.000000 1297.793336 
23.000000 1298.672288 
23.000000 1299.552276 
23.000000 1300.432361 
23.000000 1301.313125 
23.000000 1302.192333 
23.000000 1303.072326 
23.000000 1303.952397 
23.000000 1304.832368 
23.000000 1305.712330 
23.000000 1306.592320 
23.000000 1307.474294 
23.000000 1308.352322 
23.000000 1309.232311 
23.000000 1310.112319 
23.000000 1310.992351 
23.000000 1311.872344 
23.000000 1312.752352 
23.000000 1313.632372 
23.000000 1314.512346 
23.000000 1315.392751 
23.000000 1316.272354 
23.000000 1317.232448 
23.000000 1318.112341 
23.000000 1318.992337 
23.000000 1319.872276 
23.000000 1320.752351 
23.000000 1321.632355 
23.000000 1322.513924 
23.000000 1323.392316 
23.000000 1324.272755 
23.000000 1325.152347 
23.000000 1326.032461 
23.000000 1326.912303 
23.000000 1327.792470 
23.000000 1328.672360 
23.000000 1329.553505 
23.000000 1330.432327 
23.000000 1331.322328 
23.000000 1332.192936 
23.000000 1333.073418 
23.000000 1333.952274 
23.000000 1334.832330 
23.000000 1335.712355 
23.000000 1336.593460 
23.000000 1337.472348 
23.000000 1338.352518 
23.000000 1339.232402 
23.000000 1340.115125 
23.000000 1340.992382 
23.000000 1341.872318 
23.000000 1342.752351 
23.000000 1343.632368 
23.000000 1344.512342 
23.000000 1345.392321 
23.000000 1346.272340 
23.000000 1347.152369 
23.000000 1348.032348 
23.000000 1348.912318 
23.000000 1349.792347 
23.062000 1350.672372 
23.000000 1351.552320 
23.000000 1352.432328 
23.000000 1353.312360 
23.062000 1354.192445 
23.062000 1355.072323 
23.000000 1355.952312 
23.062000 1356.832471 
23.000000 1357.712348 
23.000000 1358.592283 
23.000000 1359.472317 
23.000000 1360.352370 
23.000000 1361.232345 
23.000000 1362.112314 
23.000000 1362.992324 
23.000000 1363.952337 
23.062000 1364.832492 
23.062000 1365.712377 
23.062000 1366.592320 
23.000000 1367.472350 
23.000000 1368.432335 
23.000000 1369.314692 
23.000000 1370.192803 
23.062000 1371.074887 
23.000000 1371.952349 
23.062000 1372.832367 
23.000000 1373.712355 
23.000000 1374.594877 
23.000000 1375.472334 
23.062000 1376.352847 
23.062000 1377.232397 
23.062000 1378.113575 
23.062000 1378.992742 
23.000000 1379.872350 
23.062000 1380.752363 
23.062000 1381.633345 
23.062000 1382.512320 
23.062000 1383.392354 
23.062000 1384.272369 
23.000000 1386.032319 
23.062000 1386.912370 
23.062000 1387.792289 
23.000000 1388.673489 
23.000000 1389.552328 
23.062000 1390.432348 
23.062000 1391.312330 
23.062000 1392.193497 
23.062000 1393.072320 
23.062000 1393.952342 
23.062000 1394.832459 
23.062000 1396.592325 
23.062000 1397.472291 
23.062000 1398.352337 
23.062000 1399.233476 
23.062000 1400.114344 
23.062000 1400.992363 
23.062000 1401.872335 
23.062000 1403.632348 
23.062000 1405.392354 
23.062000 1406.272399 
23.062000 1407.152306 
23.062000 1408.032331 
23.062000 1408.912385 
23.062000 1409.792427 
23.062000 1410.672531 
23.062000 1411.552373 
23.062000 1412.432345 
23.062000 1413.312487 
23.062000 1414.192841 
23.062000 1415.072898 
23.062000 1415.952317 
23.062000 1416.832350 
23.062000 1417.712313 
23.062000 1418.592367 
23.062000 1419.472502 
23.062000 1420.353754 
23.062000 1421.232318 
23.062000 1422.112315 
23.062000 1422.992329 
23.062000 1423.873493 
23.062000 1424.752348 
23.062000 1425.632310 
23.062000 1426.512318 
23.062000 1427.393421 
23.062000 1428.272347 
23.062000 1429.152321 
23.062000 1430.032326 
23.062000 1431.792328 
23.062000 1432.672322 
23.062000 1433.552321 
23.062000 1435.312314 
23.062000 1436.192309 
23.062000 1437.072326 
23.062000 1439.713939 
23.062000 1440.592318 
23.062000 1441.474671 
23.062000 1442.352314 
23.062000 1443.232368 
23.062000 1444.112365 
23.062000 1444.992325 
23.062000 1445.872739 
23.062000 1446.752362 
23.062000 1447.632324 
23.062000 1448.512313 
23.062000 1449.392313 
23.062000 1450.352329 
23.062000 1451.233448 
23.062000 1452.112329 
23.062000 1452.992450 
23.125000 1453.872442 
23.062000 1455.632962 
23.062000 1456.512328 
23.062000 1457.392350 
23.062000 1458.272364 
23.062000 1459.154967 
23.125000 1460.112350 
23.062000 1460.994317 
23.062000 1461.872345 
23.062000 1462.752321 
23.062000 1463.632352 
23.062000 1464.512331 
23.062000 1465.392399 
23.062000 1466.272328 
23.062000 1467.152350 
23.125000 1468.032306 
23.125000 1468.912628 
23.062000 1469.792320 
23.062000 1470.672349 
23.062000 1471.552330 
23.062000 1472.432302 
23.062000 1473.312409 
23.062000 1474.192358 
23.125000 1475.072320 
23.062000 1475.952350 
23.062000 1476.832303 
23.062000 1477.712326 
23.062000 1478.592312 
23.125000 1479.472357 
23.125000 1480.352304 
23.062000 1481.232337 
23.062000 1482.112315 
23.125000 1482.992431 
23.062000 1483.872315 
23.125000 1484.752356 
23.062000 1485.632337 
23.125000 1486.512310 
23.125000 1487.392265 
23.062000 1488.272313 
23.125000 1489.152324 
23.062000 1490.032379 
23.125000 1490.912323 
23.125000 1491.792331 
23.125000 1492.672386 
23.062000 1493.552348 
23.125000 1494.432298 
23.125000 1495.312344 
23.125000 1496.192319 
23.062000 1497.072315 
23.125000 1497.952315 
23.125000 1498.832336 
23.125000 1499.712312 
23.125000 1500.592754 
23.062000 1501.555115 
23.125000 1502.432322 
23.062000 1503.312327 
23.125000 1504.192535 
23.062000 1505.072297 
23.125000 1505.952505 
23.125000 1506.832324 
23.125000 1507.712525 
23.062000 1508.592303 
23.125000 1510.352352 
23.125000 1511.232469 
23.125000 1512.112320 
23.125000 1513.872355 
23.125000 1514.752464 
23.125000 1515.632307 
23.125000 1517.394291 
23.125000 1518.272404 
23.125000 1519.152301 
23.125000 1520.032309 
23.125000 1520.912420 
23.125000 1521.792314 
23.125000 1522.672327 
23.125000 1523.552357 
23.125000 1524.432337 
23.125000 1525.312299 
23.125000 1526.192328 
23.125000 1527.072347 
23.125000 1527.952342 
23.125000 1528.832310 
23.125000 1529.712334 
23.125000 1530.592318 
23.125000 1531.472348 
23.125000 1532.352337 
23.125000 1533.232586 
23.125000 1534.992499 
23.125000 1535.872335 
23.125000 1536.752481 
23.125000 1537.632319 
23.125000 1538.512554 
23.125000 1539.392343 
23.125000 1540.272449 
23.125000 1541.152314 
23.125000 1542.912358 
23.125000 1544.672318 
23.125000 1545.552615 
23.125000 1546.433544 
23.125000 1547.312453 
23.125000 1548.192316 
23.125000 1549.072822 
23.125000 1549.953506 
23.125000 1551.712307 
23.125000 1553.472434 
23.125000 1554.352404 
23.125000 1555.312331 
23.125000 1556.192345 
23.125000 1557.072346 
23.125000 1557.952321 
23.125000 1558.832316 
23.125000 1559.712305 
23.125000 1560.592422 
23.125000 1561.472293 
23.125000 1562.352310 
23.125000 1563.232311 
23.125000 1564.112384 
23.125000 1564.992292 
23.125000 1565.872297 
23.125000 1566.752313 
23.125000 1567.632377 
23.125000 1568.512295 
23.125000 1569.392288 
23.125000 1570.272305 
23.125000 1571.152352 
23.125000 1572.032298 
23.125000 1572.912341 
23.125000 1573.792312 
23.125000 1574.672343 
23.125000 1575.552293 
23.125000 1576.432355 
23.187000 1577.312318 
23.125000 1578.192348 
23.125000 1579.072313 
23.125000 1579.952341 
23.125000 1580.832309 
23.125000 1581.712344 
23.125000 1582.592388 
23.125000 1583.552301 
23.125000 1584.432344 
23.125000 1585.312365 
23.125000 1586.192312 
23.125000 1587.072291 
23.125000 1587.952339 
23.125000 1588.832344 
23.125000 1589.712323 
23.187000 1590.592293 
23.125000 1591.472409 
23.125000 1592.352352 
23.125000 1593.232304 
23.125000 1594.112473 
23.125000 1594.992329 
23.187000 1595.873362 
23.125000 1596.752322 
23.125000 1597.632443 
23.125000 1598.512353 
23.187000 1600.272326 
23.125000 1601.152300 
23.187000 1602.032353 
23.125000 1602.912337 
23.125000 1603.792304 
23.187000 1604.672305 
23.125000 1605.552330 
23.187000 1606.432335 
23.125000 1607.312303 
23.125000 1608.192550 
23.187000 1609.072351 
23.125000 1609.952354 
23.125000 1610.832328 
23.187000 1611.712333 
23.125000 1612.592304 
23.125000 1613.472350 
23.187000 1614.352339 
23.187000 1615.232328 
23.187000 1616.112309 
23.187000 1616.992371 
23.187000 1617.872336 
23.125000 1618.752339 
23.187000 1619.632306 
23.125000 1620.512388 
23.125000 1621.392444 
23.187000 1622.271785 
23.125000 1623.152326 
23.125000 1624.032341 
23.125000 1624.912369 
23.187000 1625.792301 
23.187000 1626.672409 
23.187000 1627.552347 
23.187000 1628.432329 
23.187000 1629.312300 
23.125000 1630.192287 
23.125000 1631.072343 
23.187000 1631.952343 
23.125000 1632.832342 
23.187000 1633.712327 
23.125000 1634.672351 
23.187000 1635.552338 
23.187000 1636.432379 
23.187000 1637.312387 
23.125000 1638.192481 
23.187000 1639.072329 
23.187000 1639.952352 
23.187000 1640.832315 
23.187000 1641.712351 
23.187000 1642.592337 
23.187000 1643.483073 
23.187000 1644.432348 
23.187000 1645.312356 
23.187000 1646.192311 
23.187000 1647.072314 
23.187000 1647.952346 
23.187000 1648.832373 
23.187000 1649.712307 
23.187000 1650.592308 
23.187000 1651.472350 
23.187000 1652.352328 
23.125000 1653.232305 
23.187000 1654.112515 
23.187000 1654.992367 
23.125000 1655.872333 
23.187000 1656.752258 
23.187000 1657.632322 
23.187000 1658.512372 
23.125000 1659.392339 
23.187000 1660.272329 
23.125000 1661.152349 
23.187000 1662.032365 
23.187000 1662.912356 
23.187000 1663.793408 
23.187000 1664.672361 
23.187000 1665.552346 
23.187000 1666.432329 
23.187000 1668.192409 
23.187000 1669.072358 
23.187000 1669.952356 
23.187000 1670.832436 
23.187000 1671.712488 
23.187000 1672.592365 
23.187000 1673.472366 
23.187000 1674.352376 
23.187000 1675.232326 
23.187000 1676.112331 
23.187000 1676.992436 
23.187000 1677.872448 
23.125000 1678.752337 
23.187000 1679.632362 
23.187000 1680.512436 
23.187000 1681.392370 
23.187000 1682.272339 
23.187000 1683.152436 
23.187000 1684.032414 
23.187000 1684.992376 
23.187000 1685.952417 
23.187000 1686.832341 
23.187000 1687.712343 
23.187000 1688.592301 
23.187000 1689.472362 
23.187000 1690.352410 
23.187000 1691.232337 
23.187000 1692.112339 
23.187000 1692.992389 
23.187000 1693.872337 
23.187000 1694.752323 
23.187000 1695.632357 
23.187000 1696.512320 
23.187000 1697.392355 
23.187000 1698.272343 
23.187000 1699.152341 
23.187000 1700.032358 
23.187000 1700.912408 
23.187000 1701.792409 
23.187000 1702.672371 
23.187000 1703.552356 
23.187000 1704.432341 
23.187000 1705.312352 
23.187000 1706.192300 
23.187000 1707.072380 
23.187000 1707.952329 
23.187000 1708.832400 
23.187000 1709.712329 
23.187000 1710.592379 
23.187000 1711.472359 
23.187000 1712.352409 
23.187000 1713.232342 
23.187000 1714.113096 
23.187000 1714.992381 
23.187000 1715.872348 
23.187000 1716.752365 
23.187000 1717.632356 
23.187000 1718.512398 
23.187000 1719.392321 
23.187000 1720.272327 
23.187000 1721.152372 
23.187000 1722.032381 
23.187000 1722.912340 
23.187000 1723.792355 
23.187000 1724.672431 
23.187000 1725.552330 
23.187000 1726.432518 
23.187000 1727.312361 
23.187000 1728.192396 
23.187000 1729.072347 
23.187000 1729.952336 
23.187000 1730.832413 
23.187000 1731.713052 
23.187000 1732.592376 
23.187000 1733.552359 
23.187000 1734.432424 
23.187000 1735.312407 
23.187000 1736.192307 
23.187000 1737.152421 
23.187000 1738.032442 
23.187000 1738.912416 
23.187000 1739.792337 
23.187000 1740.672345 
23.187000 1741.552564 
23.187000 1742.432322 
23.187000 1743.312383 
23.187000 1744.192387 
23.187000 1745.072349 
23.187000 1745.952346 
23.187000 1746.832335 
23.187000 1747.712422 
23.187000 1748.592432 
23.187000 1749.472332 
23.187000 1750.352346 
23.187000 1751.234341 
23.187000 1752.112455 
23.187000 1752.992325 
23.187000 1753.872399 
23.187000 1754.752367 
23.187000 1755.632539 
23.187000 1756.512343 
23.187000 1757.394405 
23.187000 1758.272338 
23.187000 1759.152440 
23.187000 1760.032423 
23.187000 1760.912332 
23.187000 1761.792406 
23.187000 1763.552417 
23.187000 1764.432324 
23.187000 1765.312401 
23.187000 1766.193688 
23.187000 1767.072457 
23.187000 1767.952360 
23.187000 1768.832385 
23.187000 1769.712461 
23.187000 1770.592304 
23.187000 1771.472331 
23.187000 1772.352326 
23.187000 1773.232544 
23.187000 1774.112420 
23.187000 1774.992340 
23.187000 1775.872393 
23.187000 1776.752370 
23.187000 1777.632368 
23.187000 1778.512341 
23.187000 1779.392415 
23.187000 1780.272365 
23.187000 1781.152328 
23.187000 1782.032362 
23.187000 1782.912460 
23.187000 1783.792379 
23.187000 1784.672353 
23.187000 1785.552409 
23.187000 1786.432444 
23.187000 1787.312420 
23.187000 1788.272472 
23.187000 1789.152364 
23.187000 1790.032430 
23.187000 1790.913521 
23.187000 1791.792362 
23.187000 1792.672331 
23.187000 1793.552378 
23.187000 1794.433496 
23.187000 1795.312370 
23.187000 1796.192329 
23.187000 1797.072421 
23.187000 1797.953505 
23.187000 1798.832345 
23.187000 1799.712334 
23.187000 1800.592383 
23.187000 1802.352337 
23.187000 1803.232349 
23.187000 1804.112387 
23.187000 1804.992460 
23.187000 1805.872476 
23.187000 1806.752325 
23.187000 1807.642301 
23.187000 1808.512344 
23.187000 1809.392309 
23.187000 1810.272308 
23.187000 1811.152325 
23.187000 1812.032340 
23.187000 1812.912313 
23.187000 1813.792309 
23.187000 1814.672392 
23.187000 1815.552356 
23.187000 1816.432309 
23.187000 1817.312382 
23.187000 1818.192324 
23.187000 1819.072420 
23.187000 1819.953517 
23.187000 1820.832370 
23.187000 1821.712327 
