Tempreature data from precision refrigerator measured in degreese celcius.
21.625000
21.625000
21.625000
21.625000
21.625000
21.625000
21.625000
21.625000
21.625000
21.625000
21.625000
21.625000
21.625000
21.625000
21.625000
21.625000
21.562000
21.562000
21.562000
21.562000
21.562000
21.562000
21.500000
21.500000
21.437000
21.437000
21.437000
21.375000
21.375000
21.375000
21.375000
21.375000
21.375000
21.312000
21.312000
21.312000
21.312000
21.250000
21.250000
21.250000
21.250000
21.250000
21.250000
21.250000
21.250000
21.250000
21.250000
21.250000
21.250000
21.250000
21.250000
21.250000
21.250000
21.250000
21.312000
21.250000
21.312000
21.312000
21.312000
21.312000
21.312000
21.312000
21.312000
21.625000
21.750000
21.687000
21.687000
21.500000